995
385
551
117
316
345
288
544
39
326
323
311
69
809
110
63
397
267
969
49
49
548
802
964
534
917
543
821
37
538
8
271
498
758
113
89
454
933
503
582
329
152
643
891
900
767
359
360
134
456
139
741
699
782
841
307
347
164
897
926
622
570
994
64
271
327
931
157
506
869
378
768
887
943
421
896
964
920
497
273
367
387
306
810
674
97
391
290
142
500
645
113
886
189
1
986
207
752
464
54
171
197
793
202
849
714
27
320
309
178
10
562
788
484
106
196
227
309
933
392
711
385
346
330
125
195
850
297
513
337
105
866
177
108
632
395
836
884
38
357
856
888
97
772
157
987
200
478
427
597
777
553
670
996
238
163
921
334
657
798
633
224
536
632
193
423
718
190
27
49
280
271
728
212
76
702
111
277
240
143
326
776
222
408
764
377
85
702
693
732
827
3
643
232
948
993
932
279
697
80
98
141
259
299
17
145
621
429
483
808
38
130
75
398
462
636
330
452
610
312
110
863
693
419
540
683
595
79
77
14
723
415
59
366
635
647
217
320
237
144
262
116
765
248
387
539
632
821
170
655
370
563
914
723
281
741
685
344
314
491
305
151
642
395
728
73
805
20
212
445
313
698
279
411
758
388
120
250
334
369
74
402
973
822
846
425
60
915
968
149
97
104
993
77
430
374
736
6
698
717
