321
764
235
698
746
592
352
901
17
640
565
829
578
208
105
99
947
298
84
358
952
323
523
673
598
446
776
371
487
122
885
332
100
71
964
694
535
992
208
445
762
778
435
822
151
561
703
900
446
244
339
647
637
519
81
133
398
800
485
556
865
183
661
751
704
247
492
86
140
501
305
706
760
280
636
732
446
316
984
513
838
239
829
565
460
459
928
928
533
283
42
723
528
735
967
641
145
633
32
167
695
784
914
120
960
738
510
40
880
557
575
601
854
34
591
865
9
388
773
188
413
646
993
259
417
850
830
104
968
867
538
980
377
728
570
142
956
490
864
468
933
104
825
378
778
166
348
829
797
796
613
727
337
158
489
949
954
118
384
156
864
778
5
270
344
311
739
931
777
720
53
364
175
514
523
607
418
328
420
450
652
190
466
850
744
648
488
987
946
892
928
100
237
618
17
617
293
273
628
843
374
195
186
265
643
739
265
284
909
362
406
765
997
874
829
938
922
525
55
168
116
652
447
571
393
329
571
452
910
704
657
405
154
257
879
295
334
393
182
397
140
620
256
746
208
941
646
606
252
714
631
177
200
571
167
795
375
559
407
768
134
996
182
364
160
324
906
154
197
745
433
733
506
216
156
800
78
758
985
913
933
747
208
153
487
505
77
124
732
430
403
462
322
629
78
186
268
245
722
872
