3000000
3000010
3000020
3000030
3000040
3000050
3000060
3000070
3000080
3000090
3000100
3000110
3000120
3000130
3000140
3000150
3000160
3000170
3000180
3000190
3000200
3000210
3000220
3000230
3000240
3000250
3000260
3000270
3000280
3000290
3000300
3000310
3000320
3000330
3000340
3000350
3000360
3000370
3000380
3000390
3000400
3000410
3000420
3000430
3000440
3000450
3000460
3000470
3000480
3000490
3000500
3000510
3000520
3000530
3000540
3000550
3000560
3000570
3000580
3000590
3000600
3000610
3000620
3000630
3000640
3000650
3000660
3000670
3000680
3000690
3000700
3000710
3000720
3000730
3000740
3000750
3000760
3000770
3000780
3000790
3000800
3000810
3000820
3000830
3000840
3000850
3000860
3000870
3000880
3000890
3000900
3000910
3000920
3000930
3000940
3000950
3000960
3000970
3000980
3000990
3001000
3001010
3001020
3001030
3001040
3001050
3001060
3001070
3001080
3001090
3001100
3001110
3001120
3001130
3001140
3001150
3001160
3001170
3001180
3001190
3001200
3001210
3001220
3001230
3001240
3001250
3001260
3001270
3001280
3001290
3001300
3001310
3001320
3001330
3001340
3001350
3001360
3001370
3001380
3001390
3001400
3001410
3001420
3001430
3001440
3001450
3001460
3001470
3001480
3001490
3001500
3001510
3001520
3001530
3001540
3001550
3001560
3001570
3001580
3001590
3001600
3001610
3001620
3001630
3001640
3001650
3001660
3001670
3001680
3001690
3001700
3001710
3001720
3001730
3001740
3001750
3001760
3001770
3001780
3001790
3001800
3001810
3001820
3001830
3001840
3001850
3001860
3001870
3001880
3001890
3001900
3001910
3001920
3001930
3001940
3001950
3001960
3001970
3001980
3001990
3002000
3002010
3002020
3002030
3002040
3002050
3002060
3002070
3002080
3002090
3002100
3002110
3002120
3002130
3002140
3002150
3002160
3002170
3002180
3002190
3002200
3002210
3002220
3002230
3002240
3002250
3002260
3002270
3002280
3002290
3002300
3002310
3002320
3002330
3002340
3002350
3002360
3002370
3002380
3002390
3002400
3002410
3002420
3002430
3002440
3002450
3002460
3002470
3002480
3002490
3002500
3002510
3002520
3002530
3002540
3002550
3002560
3002570
3002580
3002590
3002600
3002610
3002620
3002630
3002640
3002650
3002660
3002670
3002680
3002690
3002700
3002710
3002720
3002730
3002740
3002750
3002760
3002770
3002780
3002790
3002800
3002810
3002820
3002830
3002840
3002850
3002860
3002870
3002880
3002890
3002900
3002910
3002920
3002930
3002940
3002950
3002960
3002970
3002980
3002990
3003000
3003010
3003020
3003030
3003040
3003050
3003060
3003070
3003080
3003090
3003100
3003110
3003120
3003130
3003140
3003150
3003160
3003170
3003180
3003190
3003200
3003210
3003220
3003230
3003240
3003250
3003260
3003270
3003280
3003290
3003300
3003310
3003320
3003330
3003340
3003350
3003360
3003370
3003380
3003390
3003400
3003410
3003420
3003430
3003440
3003450
3003460
3003470
3003480
3003490
3003500
3003510
3003520
3003530
3003540
3003550
3003560
3003570
3003580
3003590
3003600
3003610
3003620
3003630
3003640
3003650
3003660
3003670
3003680
3003690
3003700
3003710
3003720
3003730
3003740
3003750
3003760
3003770
3003780
3003790
3003800
3003810
3003820
3003830
3003840
3003850
3003860
3003870
3003880
3003890
3003900
3003910
3003920
3003930
3003940
3003950
3003960
3003970
3003980
3003990
3004000
3004010
3004020
3004030
3004040
3004050
3004060
3004070
3004080
3004090
3004100
3004110
3004120
3004130
3004140
3004150
3004160
3004170
3004180
3004190
3004200
3004210
3004220
3004230
3004240
3004250
3004260
3004270
3004280
3004290
3004300
3004310
3004320
3004330
3004340
3004350
3004360
3004370
3004380
3004390
3004400
3004410
3004420
3004430
3004440
3004450
3004460
3004470
3004480
3004490
3004500
3004510
3004520
3004530
3004540
3004550
3004560
3004570
3004580
3004590
3004600
3004610
3004620
3004630
3004640
3004650
3004660
3004670
3004680
3004690
3004700
3004710
3004720
3004730
3004740
3004750
3004760
3004770
3004780
3004790
3004800
3004810
3004820
3004830
3004840
3004850
3004860
3004870
3004880
3004890
3004900
3004910
3004920
3004930
3004940
3004950
3004960
3004970
3004980
3004990
3005000
3005010
3005020
3005030
3005040
3005050
3005060
3005070
3005080
3005090
3005100
3005110
3005120
3005130
3005140
3005150
3005160
3005170
3005180
3005190
3005200
3005210
3005220
3005230
3005240
3005250
3005260
3005270
3005280
3005290
3005300
3005310
3005320
3005330
3005340
3005350
3005360
3005370
3005380
3005390
3005400
3005410
3005420
3005430
3005440
3005450
3005460
3005470
3005480
3005490
3005500
3005510
3005520
3005530
3005540
3005550
3005560
3005570
3005580
3005590
3005600
3005610
3005620
3005630
3005640
3005650
3005660
3005670
3005680
3005690
3005700
3005710
3005720
3005730
3005740
3005750
3005760
3005770
3005780
3005790
3005800
3005810
3005820
3005830
3005840
3005850
3005860
3005870
3005880
3005890
3005900
3005910
3005920
3005930
3005940
3005950
3005960
3005970
3005980
3005990
3006000
3006010
3006020
3006030
3006040
3006050
3006060
3006070
3006080
3006090
3006100
3006110
3006120
3006130
3006140
3006150
3006160
3006170
3006180
3006190
3006200
3006210
3006220
3006230
3006240
3006250
3006260
3006270
3006280
3006290
3006300
3006310
3006320
3006330
3006340
3006350
3006360
3006370
3006380
3006390
3006400
3006410
3006420
3006430
3006440
3006450
3006460
3006470
3006480
3006490
3006500
3006510
3006520
3006530
3006540
3006550
3006560
3006570
3006580
3006590
3006600
3006610
3006620
3006630
3006640
3006650
3006660
3006670
3006680
3006690
3006700
3006710
3006720
3006730
3006740
3006750
3006760
3006770
3006780
3006790
3006800
3006810
3006820
3006830
3006840
3006850
3006860
3006870
3006880
3006890
3006900
3006910
3006920
3006930
3006940
3006950
3006960
3006970
3006980
3006990
3007000
3007010
3007020
3007030
3007040
3007050
3007060
3007070
3007080
3007090
3007100
3007110
3007120
3007130
3007140
3007150
3007160
3007170
3007180
3007190
3007200
3007210
3007220
3007230
3007240
3007250
3007260
3007270
3007280
3007290
3007300
3007310
3007320
3007330
3007340
3007350
3007360
3007370
3007380
3007390
3007400
3007410
3007420
3007430
3007440
3007450
3007460
3007470
3007480
3007490
3007500
3007510
3007520
3007530
3007540
3007550
3007560
3007570
3007580
3007590
3007600
3007610
3007620
3007630
3007640
3007650
3007660
3007670
3007680
3007690
3007700
3007710
3007720
3007730
3007740
3007750
3007760
3007770
3007780
3007790
3007800
3007810
3007820
3007830
3007840
3007850
3007860
3007870
3007880
3007890
3007900
3007910
3007920
3007930
3007940
3007950
3007960
3007970
3007980
3007990
3008000
3008010
3008020
3008030
3008040
3008050
3008060
3008070
3008080
3008090
3008100
3008110
3008120
3008130
3008140
3008150
3008160
3008170
3008180
3008190
3008200
3008210
3008220
3008230
3008240
3008250
3008260
3008270
3008280
3008290
3008300
3008310
3008320
3008330
3008340
3008350
3008360
3008370
3008380
3008390
3008400
3008410
3008420
3008430
3008440
3008450
3008460
3008470
3008480
3008490
3008500
3008510
3008520
3008530
3008540
3008550
3008560
3008570
3008580
3008590
3008600
3008610
3008620
3008630
3008640
3008650
3008660
3008670
3008680
3008690
3008700
3008710
3008720
3008730
3008740
3008750
3008760
3008770
3008780
3008790
3008800
3008810
3008820
3008830
3008840
3008850
3008860
3008870
3008880
3008890
3008900
3008910
3008920
3008930
3008940
3008950
3008960
3008970
3008980
3008990
3009000
3009010
3009020
3009030
3009040
3009050
3009060
3009070
3009080
3009090
3009100
3009110
3009120
3009130
3009140
3009150
3009160
3009170
3009180
3009190
3009200
3009210
3009220
3009230
3009240
3009250
3009260
3009270
3009280
3009290
3009300
3009310
3009320
3009330
3009340
3009350
3009360
3009370
3009380
3009390
3009400
3009410
3009420
3009430
3009440
3009450
3009460
3009470
3009480
3009490
3009500
3009510
3009520
3009530
3009540
3009550
3009560
3009570
3009580
3009590
3009600
3009610
3009620
3009630
3009640
3009650
3009660
3009670
3009680
3009690
3009700
3009710
3009720
3009730
3009740
3009750
3009760
3009770
3009780
3009790
3009800
3009810
3009820
3009830
3009840
3009850
3009860
3009870
3009880
3009890
3009900
3009910
3009920
3009930
3009940
3009950
3009960
3009970
3009980
3009990
3010000
3010010
3010020
3010030
3010040
3010050
3010060
3010070
3010080
3010090
3010100
3010110
3010120
3010130
3010140
3010150
3010160
3010170
3010180
3010190
3010200
3010210
3010220
3010230
