1000000
1000010
1000020
1000030
1000040
1000050
1000060
1000070
1000080
1000090
1000100
1000110
1000120
1000130
1000140
1000150
1000160
1000170
1000180
1000190
1000200
1000210
1000220
1000230
1000240
1000250
1000260
1000270
1000280
1000290
1000300
1000310
1000320
1000330
1000340
1000350
1000360
1000370
1000380
1000390
1000400
1000410
1000420
1000430
1000440
1000450
1000460
1000470
1000480
1000490
1000500
1000510
1000520
1000530
1000540
1000550
1000560
1000570
1000580
1000590
1000600
1000610
1000620
1000630
1000640
1000650
1000660
1000670
1000680
1000690
1000700
1000710
1000720
1000730
1000740
1000750
1000760
1000770
1000780
1000790
1000800
1000810
1000820
1000830
1000840
1000850
1000860
1000870
1000880
1000890
1000900
1000910
1000920
1000930
1000940
1000950
1000960
1000970
1000980
1000990
1001000
1001010
1001020
1001030
1001040
1001050
1001060
1001070
1001080
1001090
1001100
1001110
1001120
1001130
1001140
1001150
1001160
1001170
1001180
1001190
1001200
1001210
1001220
1001230
1001240
1001250
1001260
1001270
1001280
1001290
1001300
1001310
1001320
1001330
1001340
1001350
1001360
1001370
1001380
1001390
1001400
1001410
1001420
1001430
1001440
1001450
1001460
1001470
1001480
1001490
1001500
1001510
1001520
1001530
1001540
1001550
1001560
1001570
1001580
1001590
1001600
1001610
1001620
1001630
1001640
1001650
1001660
1001670
1001680
1001690
1001700
1001710
1001720
1001730
1001740
1001750
1001760
1001770
1001780
1001790
1001800
1001810
1001820
1001830
1001840
1001850
1001860
1001870
1001880
1001890
1001900
1001910
1001920
1001930
1001940
1001950
1001960
1001970
1001980
1001990
1002000
1002010
1002020
1002030
1002040
1002050
1002060
1002070
1002080
1002090
1002100
1002110
1002120
1002130
1002140
1002150
1002160
1002170
1002180
1002190
1002200
1002210
1002220
1002230
1002240
1002250
1002260
1002270
1002280
1002290
1002300
1002310
1002320
1002330
1002340
1002350
1002360
1002370
1002380
1002390
1002400
1002410
1002420
1002430
1002440
1002450
1002460
1002470
1002480
1002490
1002500
1002510
1002520
1002530
1002540
1002550
1002560
1002570
1002580
1002590
1002600
1002610
1002620
1002630
1002640
1002650
1002660
1002670
1002680
1002690
1002700
1002710
1002720
1002730
1002740
1002750
1002760
1002770
1002780
1002790
1002800
1002810
1002820
1002830
1002840
1002850
1002860
1002870
1002880
1002890
1002900
1002910
1002920
1002930
1002940
1002950
1002960
1002970
1002980
1002990
1003000
1003010
1003020
1003030
1003040
1003050
1003060
1003070
1003080
1003090
1003100
1003110
1003120
1003130
1003140
1003150
1003160
1003170
1003180
1003190
1003200
1003210
1003220
1003230
1003240
1003250
1003260
1003270
1003280
1003290
1003300
1003310
1003320
1003330
1003340
1003350
1003360
1003370
1003380
1003390
1003400
1003410
1003420
1003430
1003440
1003450
1003460
1003470
1003480
1003490
1003500
1003510
1003520
1003530
1003540
1003550
1003560
1003570
1003580
1003590
1003600
1003610
1003620
1003630
1003640
1003650
1003660
1003670
1003680
1003690
1003700
1003710
1003720
1003730
1003740
1003750
1003760
1003770
1003780
1003790
1003800
1003810
1003820
1003830
1003840
1003850
1003860
1003870
1003880
1003890
1003900
1003910
1003920
1003930
1003940
1003950
1003960
1003970
1003980
1003990
1004000
1004010
1004020
1004030
1004040
1004050
1004060
1004070
1004080
1004090
1004100
1004110
1004120
1004130
1004140
1004150
1004160
1004170
1004180
1004190
1004200
1004210
1004220
1004230
1004240
1004250
1004260
1004270
1004280
1004290
1004300
1004310
1004320
1004330
1004340
1004350
1004360
1004370
1004380
1004390
1004400
1004410
1004420
1004430
1004440
1004450
1004460
1004470
1004480
1004490
1004500
1004510
1004520
1004530
1004540
1004550
1004560
1004570
1004580
1004590
1004600
1004610
1004620
1004630
1004640
1004650
1004660
1004670
1004680
1004690
1004700
1004710
1004720
1004730
1004740
1004750
1004760
1004770
1004780
1004790
1004800
1004810
1004820
1004830
1004840
1004850
1004860
1004870
1004880
1004890
1004900
1004910
1004920
1004930
1004940
1004950
1004960
1004970
1004980
1004990
1005000
1005010
1005020
1005030
1005040
1005050
1005060
1005070
1005080
1005090
1005100
1005110
1005120
1005130
1005140
1005150
1005160
1005170
1005180
1005190
1005200
1005210
1005220
1005230
1005240
1005250
1005260
1005270
1005280
1005290
1005300
1005310
1005320
1005330
1005340
1005350
1005360
1005370
1005380
1005390
1005400
1005410
1005420
1005430
1005440
1005450
1005460
1005470
1005480
1005490
1005500
1005510
1005520
1005530
1005540
1005550
1005560
1005570
1005580
1005590
1005600
1005610
1005620
1005630
1005640
1005650
1005660
1005670
1005680
1005690
1005700
1005710
1005720
1005730
1005740
1005750
1005760
1005770
1005780
1005790
1005800
1005810
1005820
1005830
1005840
1005850
1005860
1005870
1005880
1005890
1005900
1005910
1005920
1005930
1005940
1005950
1005960
1005970
1005980
1005990
1006000
1006010
1006020
1006030
1006040
1006050
1006060
1006070
1006080
1006090
1006100
1006110
1006120
1006130
1006140
1006150
1006160
1006170
1006180
1006190
1006200
1006210
1006220
1006230
1006240
1006250
1006260
1006270
1006280
1006290
1006300
1006310
1006320
1006330
1006340
1006350
1006360
1006370
1006380
1006390
1006400
1006410
1006420
1006430
1006440
1006450
1006460
1006470
1006480
1006490
1006500
1006510
1006520
1006530
1006540
1006550
1006560
1006570
1006580
1006590
1006600
1006610
1006620
1006630
1006640
1006650
1006660
1006670
1006680
1006690
1006700
1006710
1006720
1006730
1006740
1006750
1006760
1006770
1006780
1006790
1006800
1006810
1006820
1006830
1006840
1006850
1006860
1006870
1006880
1006890
1006900
1006910
1006920
1006930
1006940
1006950
1006960
1006970
1006980
1006990
1007000
1007010
1007020
1007030
1007040
1007050
1007060
1007070
1007080
1007090
1007100
1007110
1007120
1007130
1007140
1007150
1007160
1007170
1007180
1007190
1007200
1007210
1007220
1007230
1007240
1007250
1007260
1007270
1007280
1007290
1007300
1007310
1007320
1007330
1007340
1007350
1007360
1007370
1007380
1007390
1007400
1007410
1007420
1007430
1007440
1007450
1007460
1007470
1007480
1007490
1007500
1007510
1007520
1007530
1007540
1007550
1007560
1007570
1007580
1007590
1007600
1007610
1007620
1007630
1007640
1007650
1007660
1007670
1007680
1007690
1007700
1007710
1007720
1007730
1007740
1007750
1007760
1007770
1007780
1007790
1007800
1007810
1007820
1007830
1007840
1007850
1007860
1007870
1007880
1007890
1007900
1007910
1007920
1007930
1007940
1007950
1007960
1007970
1007980
1007990
1008000
1008010
1008020
1008030
1008040
1008050
1008060
1008070
1008080
1008090
1008100
1008110
1008120
1008130
1008140
1008150
1008160
1008170
1008180
1008190
1008200
1008210
1008220
1008230
1008240
1008250
1008260
1008270
1008280
1008290
1008300
1008310
1008320
1008330
1008340
1008350
1008360
1008370
1008380
1008390
1008400
1008410
1008420
1008430
1008440
1008450
1008460
1008470
1008480
1008490
1008500
1008510
1008520
1008530
1008540
1008550
1008560
1008570
1008580
1008590
1008600
1008610
1008620
1008630
1008640
1008650
1008660
1008670
1008680
1008690
1008700
1008710
1008720
1008730
1008740
1008750
1008760
1008770
1008780
1008790
1008800
1008810
1008820
1008830
1008840
1008850
1008860
1008870
1008880
1008890
1008900
1008910
1008920
1008930
1008940
1008950
1008960
1008970
1008980
1008990
1009000
1009010
1009020
1009030
1009040
1009050
1009060
1009070
1009080
1009090
1009100
1009110
1009120
1009130
1009140
1009150
1009160
1009170
1009180
1009190
1009200
1009210
1009220
1009230
1009240
1009250
1009260
1009270
1009280
1009290
1009300
1009310
1009320
1009330
1009340
1009350
1009360
1009370
1009380
1009390
1009400
1009410
1009420
1009430
1009440
1009450
1009460
1009470
1009480
1009490
1009500
1009510
1009520
1009530
1009540
1009550
1009560
1009570
1009580
1009590
1009600
1009610
1009620
1009630
1009640
1009650
1009660
1009670
1009680
1009690
1009700
1009710
1009720
1009730
1009740
1009750
1009760
1009770
1009780
1009790
1009800
1009810
1009820
1009830
1009840
1009850
1009860
1009870
1009880
1009890
1009900
1009910
1009920
1009930
1009940
1009950
1009960
1009970
1009980
1009990
1010000
1010010
1010020
1010030
1010040
1010050
1010060
1010070
1010080
1010090
1010100
1010110
1010120
1010130
1010140
1010150
1010160
1010170
1010180
1010190
1010200
1010210
1010220
1010230
