428
997
877
296
648
128
915
349
329
753
729
778
314
922
971
814
81
679
654
229
165
125
74
233
853
981
992
451
133
34
236
375
493
328
139
323
929
443
462
964
708
250
909
864
397
864
199
804
775
9
908
644
385
592
15
253
596
101
81
916
998
842
482
155
575
348
400
451
844
804
181
758
353
340
851
982
980
555
25
835
804
883
988
47
441
46
756
348
668
340
756
195
299
228
291
245
370
527
132
976
512
923
285
279
408
291
219
768
27
859
270
443
129
596
744
786
336
435
585
464
200
123
444
747
220
271
360
494
63
82
973
716
867
423
994
755
583
591
195
569
217
17
563
168
512
426
709
912
41
927
523
455
593
981
434
548
570
28
969
18
921
340
775
232
46
166
72
22
348
661
280
11
468
55
677
869
255
293
82
791
5
216
601
456
465
228
604
992
362
258
439
785
178
990
369
552
669
471
349
494
452
398
664
130
994
137
678
572
459
199
543
822
380
355
344
586
938
515
251
719
542
176
882
744
561
893
733
989
369
525
654
402
644
830
611
22
995
175
607
550
714
19
216
286
417
811
56
259
646
959
676
216
223
808
710
541
582
532
392
50
769
195
323
206
124
387
581
368
742
562
896
946
141
545
92
20
236
725
143
788
633
112
898
69
519
635
92
999
539
783
915
744
269
541
32
782
937
160
852
663
300
414
565
527
992
148
429
380
529
40
707
636
787
302
999
7
702
780
445
127
424
45
490
882
708
900
988
748
492
302
485
640
313
218
767
366
397
547
812
625
798
317
694
746
786
647
893
543
240
114
804
315
648
487
449
780
222
220
872
769
997
127
870
297
497
300
426
391
134
423
551
434
586
13
259
629
64
200
891
494
414
496
33
605
63
908
820
791
705
96
875
933
549
102
99
587
424
966
928
106
138
689
740
131
945
955
274
388
862
61
639
677
174
472
994
77
69
705
451
758
963
532
511
740
139
571
361
637
844
774
242
65
509
313
849
652
548
999
648
857
422
886
954
717
42
898
922
251
406
29
608
68
984
404
705
952
530
594
205
395
102
402
955
825
829
249
865
137
40
478
453
512
37
493
955
803
166
724
877
300
608
12
79
107
719
304
2
258
585
690
416
581
317
58
725
415
238
983
796
326
127
385
279
457
341
546
846
86
312
35
418
903
483
341
900
85
63
2
634
581
450
230
75
20
798
151
914
684
544
244
8
431
513
436
256
72
741
154
690
796
898
576
81
477
128
735
265
415
838
998
410
260
742
899
128
455
751
167
977
593
528
269
220
554
311
456
548
734
918
999
604
60
930
530
113
299
769
783
306
105
826
746
501
868
677
443
337
265
384
623
101
939
981
618
484
958
408
153
103
760
959
380
479
76
599
119
109
116
948
174
308
267
418
484
17
168
443
958
826
704
661
874
220
683
350
290
721
825
89
253
574
365
432
2
688
70
493
634
980
272
757
382
954
169
469
17
701
762
614
542
205
739
772
323
462
433
717
850
781
167
572
837
562
990
360
399
439
272
787
678
909
280
562
93
785
180
713
427
621
182
904
674
375
632
786
872
800
358
750
505
793
902
108
530
294
677
253
837
225
700
349
31
395
743
758
904
896
33
969
343
509
948
104
478
211
784
357
652
935
242
296
797
377
310
877
620
343
685
918
256
712
847
948
775
977
315
331
387
848
446
804
424
448
122
24
534
769
275
29
987
36
909
293
95
195
469
553
558
180
406
130
433
248
610
901
683
255
635
675
627
833
199
293
789
880
3
734
813
270
245
334
730
888
291
848
974
484
59
554
618
222
543
464
493
304
847
807
169
968
545
687
771
484
485
875
6
579
544
573
571
635
236
836
115
969
119
552
479
43
690
301
706
993
929
188
685
186
674
961
275
900
404
281
326
608
201
405
400
28
538
920
770
205
549
50
587
216
522
533
986
220
980
332
48
292
883
36
924
672
625
218
877
373
844
289
808
135
653
377
420
911
220
24
833
959
411
577
36
590
314
452
386
432
696
817
926
883
674
374
26
434
169
927
828
393
738
405
311
115
417
746
445
417
846
754
198
585
712
99
134
340
161
19
93
983
134
52
517
727
459
67
0
838
425
787
427
479
116
51
908
645
828
454
29
641
173
8
691
423
852
151
665
226
64
423
371
489
321
201
493
727
710
911
5
541
873
929
25
519
223
367
912
260
592
968
875
566
296
113
6
38
750
939
615
124
871
976
430
751
50
887
47
656
718
805
521
874
957
108
676
806
499
164
112
882
133
749
72
983
21
731
480
11
938
283
117
727
374
111
665
220
88
740
232
2
475
382
264
300
249
493
742
225
746
350
960
851
333
253
649
809
810
964
958
184
880
779
936
289
194
74
721
814
461
307
785
819
121
904
334
79
543
141
240
843
575
190
505
669
382
803
461
173
975
200
251
866
459
139
857
739
963
797
943
464
632
316
997
109
196
49
429
363
107
176
27
201
574
543
233
736
102
889
663
128
403
675
223
739
868
928
95
19
678
270
40
169
175
996
471
541
587
342
927
526
395
305
639
336
562
734
40
937
438
507
496
259
178
770
230
350
219
677
801
949
982
647
480
928
187
776
979
626
118
992
356
674
63
272
177
112
104
530
859
160
663
577
886
245
311
7
427
285
838
455
405
863
67
794
582
916
586
92
439
315
243
604
499
202
922
307
68
684
301
347
815
364
483
415
802
674
49
314
363
975
503
912
718
535
413
52
556
446
984
459
152
705
636
113
342
961
909
558
629
631
85
737
417
217
926
794
3
283
101
780
352
262
335
47
69
803
735
970
873
999
39
256
911
165
610
484
655
661
170
380
512
722
66
66
150
602
767
182
173
949
998
250
654
896
855
717
0
916
256
793
233
45
486
764
659
398
884
76
760
31
342
907
146
628
328
770
183
592
657
329
889
545
774
844
231
246
359
161
142
109
290
50
648
784
792
619
907
191
881
39
941
549
251
972
419
128
260
910
467
497
123
595
683
286
722
543
642
573
640
666
44
381
226
232
208
916
427
909
912
963
81
826
508
954
326
231
505
421
794
585
904
327
761
839
977
345
727
778
167
349
43
751
18
401
572
315
907
37
899
956
718
995
607
255
627
654
386
631
556
934
849
223
925
518
284
71
944
402
200
89
199
590
939
974
53
549
192
817
927
607
819
922
506
760
153
798
25
162
272
776
394
206
616
506
956
621
964
575
131
955
824
401
870
928
210
778
473
802
531
974
61
647
483
996
998
210
429
314
458
709
387
535
232
279
816
675
686
783
735
830
657
622
76
655
869
800
52
145
82
885
875
13
400
171
747
251
742
858
888
475
529
866
703
492
375
281
381
926
81
255
344
97
803
436
32
365
986
281
564
842
356
53
890
573
821
628
218
625
354
865
424
520
834
45
126
