686
889
307
574
284
396
193
85
726
444
94
240
644
11
739
135
502
510
561
175
478
357
645
294
499
985
859
343
539
150
864
454
960
592
716
563
589
641
476
367
863
770
130
180
282
37
89
993
977
322
125
136
673
603
4
178
245
117
131
935
309
889
233
553
610
877
84
850
749
12
316
307
560
524
831
8
27
808
166
39
754
463
969
348
292
722
239
478
114
935
288
410
31
895
927
443
302
393
955
376
400
117
404
885
999
101
917
128
516
995
81
83
867
732
192
763
187
754
567
118
266
91
530
347
814
407
335
750
325
327
597
968
747
618
560
935
943
115
342
603
123
449
586
464
692
916
46
895
914
333
981
609
607
879
81
112
59
91
392
525
176
754
830
631
683
705
427
443
769
611
796
36
8
232
305
249
830
64
660
11
851
451
182
320
832
139
527
113
80
620
258
202
174
488
848
206
978
823
207
107
938
333
219
167
199
834
330
430
613
97
741
780
520
907
1
146
110
739
159
525
608
191
0
407
21
556
469
236
995
119
396
765
189
365
901
775
329
843
863
700
716
29
835
270
429
578
775
956
485
465
673
879
732
330
683
197
204
745
817
137
1
609
843
859
50
223
596
479
852
433
810
987
761
896
468
718
11
70
767
106
763
323
22
301
361
414
889
223
166
873
110
321
385
172
777
447
211
898
476
412
523
1000
697
643
717
961
544
243
445
763
739
956
792
675
495
912
660
240
170
247
540
919
806
627
451
262
687
934
734
609
4
69
821
271
967
225
495
960
917
548
679
301
21
851
162
661
670
411
192
744
738
279
857
706
684
427
577
588
601
949
378
483
182
78
903
665
191
909
867
955
210
13
976
390
345
928
854
889
451
186
817
117
656
278
845
385
187
214
900
970
679
123
656
558
434
491
691
675
708
856
678
401
430
203
247
178
269
919
609
712
665
80
935
899
637
51
124
15
603
783
162
819
886
422
987
267
750
615
724
617
263
577
213
376
686
713
45
437
162
494
194
130
720
58
822
929
643
277
514
381
933
166
976
334
691
0
663
674
986
813
957
744
764
902
81
602
929
925
213
689
483
184
607
191
351
365
322
640
20
705
512
131
861
209
690
75
666
270
973
283
100
562
268
859
609
180
983
986
656
807
799
735
849
329
747
683
544
988
954
999
790
8
670
351
29
296
117
929
535
605
858
552
407
265
653
578
717
584
284
134
938
710
400
474
766
66
405
85
342
135
126
6
93
233
519
473
327
315
909
804
67
586
900
653
66
148
835
609
167
857
489
10
597
776
553
329
842
835
939
157
941
745
621
191
537
136
912
250
429
148
335
13
269
620
379
880
786
297
608
394
279
727
519
202
5
7
841
218
998
46
327
384
167
340
778
160
695
697
778
581
505
534
208
874
652
236
951
17
900
489
186
766
998
392
807
847
907
362
312
1
166
456
119
694
695
806
186
635
592
858
904
27
799
345
100
554
512
613
242
880
210
256
23
137
229
545
530
265
925
885
557
112
51
909
879
693
285
558
378
791
11
168
185
991
414
605
201
37
465
232
264
630
236
350
344
122
886
910
235
675
117
109
597
991
944
234
240
83
755
357
595
996
526
452
903
251
411
52
545
517
391
56
183
302
895
70
803
879
125
580
74
856
550
155
115
86
752
791
707
12
237
578
740
154
64
985
832
515
377
3
225
650
554
306
600
542
169
201
576
868
169
508
879
842
879
299
134
287
440
820
664
525
221
67
683
270
176
56
797
364
960
286
38
103
607
933
202
811
31
697
253
528
27
201
546
720
56
879
410
562
77
257
736
822
538
352
488
411
575
628
297
302
495
731
4
202
967
404
727
440
224
781
574
860
329
484
702
183
927
471
95
361
731
582
796
211
408
945
560
136
985
162
928
33
875
304
788
530
549
47
402
40
405
57
680
678
377
142
295
994
943
574
804
696
97
773
288
940
150
872
317
890
335
383
830
797
545
739
606
382
675
989
79
243
776
436
681
200
551
301
663
276
283
863
847
813
913
655
405
714
725
552
828
106
751
861
129
803
850
48
485
1000
393
295
789
514
866
473
31
482
167
989
802
307
474
282
280
230
772
214
217
735
310
588
499
935
964
311
791
514
563
120
340
694
856
704
29
316
118
672
719
336
234
373
318
20
927
702
426
663
256
817
548
349
189
810
892
552
765
95
758
478
380
954
802
18
181
92
510
149
584
97
152
787
627
564
814
610
616
890
806
991
438
167
144
368
262
249
101
977
981
278
513
133
126
357
812
615
347
354
372
144
425
613
939
853
658
167
897
109
587
349
892
605
130
321
120
394
510
442
72
86
180
872
686
858
621
804
601
665
280
687
136
413
689
947
437
964
479
683
274
889
381
363
609
749
373
840
134
760
899
403
868
635
984
555
846
683
192
959
721
885
336
173
332
414
714
358
878
33
357
411
194
659
24
849
873
73
286
157
911
852
711
54
979
341
739
986
104
964
130
329
231
765
130
888
878
535
820
718
173
981
913
22
294
904
658
176
322
456
628
6
319
181
674
380
427
953
481
910
732
930
481
333
372
226
337
999
38
531
762
273
456
881
597
96
992
948
443
532
832
940
227
202
686
9
534
317
258
976
41
866
151
693
143
244
807
212
388
887
255
832
296
328
117
856
331
444
188
612
512
990
1000
47
609
968
447
667
838
942
340
561
607
523
832
336
586
44
865
220
536
421
10
626
893
904
807
39
722
541
424
730
31
246
689
891
655
880
582
757
489
182
677
260
278
756
62
357
196
87
37
709
989
150
711
967
230
70
649
980
746
218
43
624
25
352
928
814
929
371
539
611
731
563
589
821
813
911
931
545
142
579
435
840
295
990
722
43
529
382
867
434
30
416
928
244
498
579
360
616
387
540
951
990
577
139
676
444
568
415
886
428
888
542
129
317
447
752
554
471
804
820
340
758
149
749
501
455
557
915
568
651
763
996
991
935
100
815
591
901
399
764
271
389
168
659
644
265
521
853
838
758
641
270
473
804
137
844
493
856
890
127
611
985
732
231
697
58
289
113
236
420
762
624
29
584
234
305
5
666
980
558
251
739
739
6
929
0
792
773
957
904
886
896
419
523
905
641
134
523
678
537
354
918
574
238
930
779
770
683
135
567
517
562
18
97
165
37
192
137
712
895
725
282
307
973
254
869
574
957
814
892
546
987
980
778
508
908
670
688
70
978
398
296
595
674
641
882
359
770
721
737
816
123
181
996
376
162
927
222
472
663
366
785
483
197
59
233
274
593
613
193
557
568
818
211
627
358
840
169
776
53
925
141
38
466
437
761
541
297
190
907
673
73
89
613
882
636
903
166
250
314
852
810
628
953
22
781
328
888
50
380
746
220
307
515
221
195
96
749
78
862
30
240
285
30
942
796
69
539
323
154
988
727
851
497
501
668
775
902
268
169
810
111
336
413
839
227
157
853
241
112
367
610
773
123
521
54
597
585
662
504
221
619
943
72
496
878
304
88
546
640
234
184
280
455
729
776
148
663
662
710
688
165
883
893
121
238
890
856
355
17
584
954
676
167
963
331
560
96
305
83
222
616
774
197
864
86
14
352
820
902
840
850
816
416
303
331
21
70
463
403
311
846
22
840
877
598
884
773
50
342
724
761
743
31
205
581
433
728
398
236
662
404
450
100
652
138
293
535
694
680
600
611
204
266
201
65
534
756
303
126
304
411
738
557
530
949
864
762
657
889
967
668
339
441
838
975
759
59
116
984
691
223
12
21
117
91
491
142
523
534
711
51
708
493
769
380
181
754
166
552
802
382
239
986
30
905
364
966
857
718
201
21
802
74
985
231
187
52
526
380
24
80
530
264
253
324
371
860
619
892
952
209
660
903
740
21
505
11
290
981
463
264
178
683
294
403
242
66
31
365
612
768
84
428
190
762
133
874
678
204
972
604
368
518
258
39
411
296
834
293
50
763
293
477
418
632
881
250
362
700
29
593
67
461
675
892
820
98
410
323
647
841
226
399
396
181
677
881
311
628
267
467
322
795
645
467
710
235
688
884
544
298
937
105
20
901
617
674
420
131
991
597
107
65
566
972
495
607
441
932
621
530
608
28
845
732
788
851
154
45
756
573
23
681
284
158
357
442
171
960
205
587
866
614
936
444
761
9
958
712
29
797
329
997
856
126
348
442
481
488
474
968
104
834
33
447
80
338
157
527
230
324
538
608
645
317
279
702
326
395
370
993
919
572
42
846
78
403
786
162
354
341
639
635
494
780
549
689
215
369
469
617
47
47
57
987
91
764
297
994
342
653
759
633
682
404
473
28
890
951
873
426
106
129
5
45
369
115
177
111
318
516
420
320
95
920
615
156
877
718
606
807
180
374
624
611
674
577
19
168
183
45
85
981
32
253
573
666
925
802
487
903
475
718
879
500
325
623
715
284
598
303
679
587
102
637
590
298
285
257
315
518
448
374
168
358
863
629
400
912
965
624
832
133
701
546
44
193
488
743
424
49
456
120
578
918
61
735
668
534
350
549
299
859
946
199
334
786
819
453
444
161
584
592
737
15
899
71
348
464
348
172
372
516
431
279
334
496
363
745
928
312
627
8
802
180
258
886
978
525
432
258
499
491
900
27
636
137
865
900
971
506
711
974
494
203
4
296
905
583
618
942
982
427
458
510
803
752
33
733
675
191
915
788
551
194
926
742
908
734
640
982
933
722
555
507
871
210
82
975
361
754
646
159
568
572
8
189
836
103
569
376
783
270
702
868
533
880
237
571
228
697
705
744
171
724
564
468
930
361
52
739
587
202
811
257
958
229
810
276
696
313
645
366
411
991
338
288
525
989
658
385
649
336
644
447
370
833
841
698
529
157
840
944
260
305
475
921
1000
673
887
369
202
425
409
906
413
30
41
587
62
153
417
412
261
695
648
616
897
423
255
247
42
394
46
970
694
621
987
753
205
915
997
33
800
131
171
282
498
447
64
869
710
610
39
515
200
50
387
368
478
528
452
744
851
969
14
610
129
234
548
274
967
640
474
64
983
723
462
790
36
350
202
101
24
841
172
751
296
998
347
172
595
941
234
655
989
997
694
899
35
520
538
100
673
851
684
851
537
28
498
329
541
245
400
761
184
579
502
386
651
222
858
924
824
604
45
245
955
441
573
23
228
656
541
659
618
546
810
539
916
709
87
249
402
494
729
31
862
248
27
668
524
994
574
318
980
773
856
366
805
551
587
259
612
193
443
837
359
623
476
334
901
986
299
879
120
701
792
971
891
742
33
826
836
162
722
507
916
45
445
445
45
913
924
825
903
909
924
636
133
149
410
139
233
392
724
488
676
50
930
719
742
31
460
619
326
356
651
1000
126
552
812
526
59
386
129
773
211
435
337
751
573
583
436
40
777
243
655
457
825
806
315
920
380
438
757
250
775
691
414
682
72
355
100
22
301
271
474
356
544
963
483
178
746
879
31
608
406
37
56
902
566
94
410
64
338
213
417
632
167
148
758
517
867
185
655
158
383
774
999
544
307
474
793
688
625
565
303
119
157
494
84
347
661
391
755
230
780
971
188
58
417
760
685
655
60
396
279
160
170
488
398
620
736
15
157
337
499
814
766
26
299
885
200
672
781
317
158
338
828
129
422
26
473
39
299
450
770
337
677
668
296
149
685
352
258
996
973
877
738
453
950
496
837
968
788
649
640
72
699
495
617
145
538
940
817
783
224
584
233
789
622
510
159
280
200
726
685
256
125
967
0
735
970
110
116
100
808
411
593
666
376
655
923
773
754
719
170
153
379
518
953
288
944
620
340
235
975
158
826
757
991
630
671
221
277
39
946
651
485
832
528
437
93
116
426
714
360
394
264
215
822
744
795
825
333
568
426
302
460
581
823
640
4
0
940
415
964
721
763
687
592
634
611
98
984
373
681
99
881
708
659
94
216
652
205
451
442
886
287
701
631
880
19
536
920
297
528
983
356
893
18
903
312
355
982
819
28
618
58
336
626
115
756
89
761
179
470
218
844
7
303
309
923
482
361
350
548
966
451
635
197
807
673
721
276
908
990
77
276
452
748
853
451
652
79
235
224
545
290
108
627
873
200
291
712
259
2
327
141
411
743
267
299
934
583
111
420
13
33
437
11
239
59
482
641
947
783
783
585
377
622
886
328
645
402
349
214
121
437
926
850
838
343
366
378
982
437
860
802
430
96
691
714
469
23
625
432
71
417
246
235
207
688
628
606
926
548
11
997
318
694
385
515
36
807
387
826
815
116
100
104
512
442
520
709
51
169
950
432
69
181
148
463
394
372
41
747
331
995
670
942
401
331
366
356
554
720
850
333
842
312
941
264
903
698
997
453
840
901
710
532
425
758
80
108
745
931
652
935
57
173
475
461
948
396
909
569
760
286
274
62
784
150
859
309
769
267
365
436
963
526
140
454
321
461
133
354
438
508
567
259
415
226
258
46
141
660
810
778
961
130
645
342
100
993
820
103
466
762
74
779
842
785
285
825
276
972
511
573
653
471
186
578
310
10
180
828
25
969
80
549
937
425
337
289
31
695
396
843
641
531
446
989
558
339
480
391
588
667
477
10
487
514
291
884
35
826
113
120
664
835
185
332
894
87
836
194
614
964
616
387
601
298
316
887
843
385
85
180
869
456
650
294
162
918
753
465
453
445
487
132
997
916
124
165
423
556
763
848
82
48
183
80
631
628
152
258
210
359
893
424
358
743
231
689
904
879
11
50
346
257
41
726
163
664
217
342
627
601
484
618
220
705
533
80
984
362
837
29
632
706
298
351
248
394
735
