2000000
2000010
2000020
2000030
2000040
2000050
2000060
2000070
2000080
2000090
2000100
2000110
2000120
2000130
2000140
2000150
2000160
2000170
2000180
2000190
2000200
2000210
2000220
2000230
2000240
2000250
2000260
2000270
2000280
2000290
2000300
2000310
2000320
2000330
2000340
2000350
2000360
2000370
2000380
2000390
2000400
2000410
2000420
2000430
2000440
2000450
2000460
2000470
2000480
2000490
2000500
2000510
2000520
2000530
2000540
2000550
2000560
2000570
2000580
2000590
2000600
2000610
2000620
2000630
2000640
2000650
2000660
2000670
2000680
2000690
2000700
2000710
2000720
2000730
2000740
2000750
2000760
2000770
2000780
2000790
2000800
2000810
2000820
2000830
2000840
2000850
2000860
2000870
2000880
2000890
2000900
2000910
2000920
2000930
2000940
2000950
2000960
2000970
2000980
2000990
2001000
2001010
2001020
2001030
2001040
2001050
2001060
2001070
2001080
2001090
2001100
2001110
2001120
2001130
2001140
2001150
2001160
2001170
2001180
2001190
2001200
2001210
2001220
2001230
2001240
2001250
2001260
2001270
2001280
2001290
2001300
2001310
2001320
2001330
2001340
2001350
2001360
2001370
2001380
2001390
2001400
2001410
2001420
2001430
2001440
2001450
2001460
2001470
2001480
2001490
2001500
2001510
2001520
2001530
2001540
2001550
2001560
2001570
2001580
2001590
2001600
2001610
2001620
2001630
2001640
2001650
2001660
2001670
2001680
2001690
2001700
2001710
2001720
2001730
2001740
2001750
2001760
2001770
2001780
2001790
2001800
2001810
2001820
2001830
2001840
2001850
2001860
2001870
2001880
2001890
2001900
2001910
2001920
2001930
2001940
2001950
2001960
2001970
2001980
2001990
2002000
2002010
2002020
2002030
2002040
2002050
2002060
2002070
2002080
2002090
2002100
2002110
2002120
2002130
2002140
2002150
2002160
2002170
2002180
2002190
2002200
2002210
2002220
2002230
2002240
2002250
2002260
2002270
2002280
2002290
2002300
2002310
2002320
2002330
2002340
2002350
2002360
2002370
2002380
2002390
2002400
2002410
2002420
2002430
2002440
2002450
2002460
2002470
2002480
2002490
2002500
2002510
2002520
2002530
2002540
2002550
2002560
2002570
2002580
2002590
2002600
2002610
2002620
2002630
2002640
2002650
2002660
2002670
2002680
2002690
2002700
2002710
2002720
2002730
2002740
2002750
2002760
2002770
2002780
2002790
2002800
2002810
2002820
2002830
2002840
2002850
2002860
2002870
2002880
2002890
2002900
2002910
2002920
2002930
2002940
2002950
2002960
2002970
2002980
2002990
2003000
2003010
2003020
2003030
2003040
2003050
2003060
2003070
2003080
2003090
2003100
2003110
2003120
2003130
2003140
2003150
2003160
2003170
2003180
2003190
2003200
2003210
2003220
2003230
2003240
2003250
2003260
2003270
2003280
2003290
2003300
2003310
2003320
2003330
2003340
2003350
2003360
2003370
2003380
2003390
2003400
2003410
2003420
2003430
2003440
2003450
2003460
2003470
2003480
2003490
2003500
2003510
2003520
2003530
2003540
2003550
2003560
2003570
2003580
2003590
2003600
2003610
2003620
2003630
2003640
2003650
2003660
2003670
2003680
2003690
2003700
2003710
2003720
2003730
2003740
2003750
2003760
2003770
2003780
2003790
2003800
2003810
2003820
2003830
2003840
2003850
2003860
2003870
2003880
2003890
2003900
2003910
2003920
2003930
2003940
2003950
2003960
2003970
2003980
2003990
2004000
2004010
2004020
2004030
2004040
2004050
2004060
2004070
2004080
2004090
2004100
2004110
2004120
2004130
2004140
2004150
2004160
2004170
2004180
2004190
2004200
2004210
2004220
2004230
2004240
2004250
2004260
2004270
2004280
2004290
2004300
2004310
2004320
2004330
2004340
2004350
2004360
2004370
2004380
2004390
2004400
2004410
2004420
2004430
2004440
2004450
2004460
2004470
2004480
2004490
2004500
2004510
2004520
2004530
2004540
2004550
2004560
2004570
2004580
2004590
2004600
2004610
2004620
2004630
2004640
2004650
2004660
2004670
2004680
2004690
2004700
2004710
2004720
2004730
2004740
2004750
2004760
2004770
2004780
2004790
2004800
2004810
2004820
2004830
2004840
2004850
2004860
2004870
2004880
2004890
2004900
2004910
2004920
2004930
2004940
2004950
2004960
2004970
2004980
2004990
2005000
2005010
2005020
2005030
2005040
2005050
2005060
2005070
2005080
2005090
2005100
2005110
2005120
2005130
2005140
2005150
2005160
2005170
2005180
2005190
2005200
2005210
2005220
2005230
2005240
2005250
2005260
2005270
2005280
2005290
2005300
2005310
2005320
2005330
2005340
2005350
2005360
2005370
2005380
2005390
2005400
2005410
2005420
2005430
2005440
2005450
2005460
2005470
2005480
2005490
2005500
2005510
2005520
2005530
2005540
2005550
2005560
2005570
2005580
2005590
2005600
2005610
2005620
2005630
2005640
2005650
2005660
2005670
2005680
2005690
2005700
2005710
2005720
2005730
2005740
2005750
2005760
2005770
2005780
2005790
2005800
2005810
2005820
2005830
2005840
2005850
2005860
2005870
2005880
2005890
2005900
2005910
2005920
2005930
2005940
2005950
2005960
2005970
2005980
2005990
2006000
2006010
2006020
2006030
2006040
2006050
2006060
2006070
2006080
2006090
2006100
2006110
2006120
2006130
2006140
2006150
2006160
2006170
2006180
2006190
2006200
2006210
2006220
2006230
2006240
2006250
2006260
2006270
2006280
2006290
2006300
2006310
2006320
2006330
2006340
2006350
2006360
2006370
2006380
2006390
2006400
2006410
2006420
2006430
2006440
2006450
2006460
2006470
2006480
2006490
2006500
2006510
2006520
2006530
2006540
2006550
2006560
2006570
2006580
2006590
2006600
2006610
2006620
2006630
2006640
2006650
2006660
2006670
2006680
2006690
2006700
2006710
2006720
2006730
2006740
2006750
2006760
2006770
2006780
2006790
2006800
2006810
2006820
2006830
2006840
2006850
2006860
2006870
2006880
2006890
2006900
2006910
2006920
2006930
2006940
2006950
2006960
2006970
2006980
2006990
2007000
2007010
2007020
2007030
2007040
2007050
2007060
2007070
2007080
2007090
2007100
2007110
2007120
2007130
2007140
2007150
2007160
2007170
2007180
2007190
2007200
2007210
2007220
2007230
2007240
2007250
2007260
2007270
2007280
2007290
2007300
2007310
2007320
2007330
2007340
2007350
2007360
2007370
2007380
2007390
2007400
2007410
2007420
2007430
2007440
2007450
2007460
2007470
2007480
2007490
2007500
2007510
2007520
2007530
2007540
2007550
2007560
2007570
2007580
2007590
2007600
2007610
2007620
2007630
2007640
2007650
2007660
2007670
2007680
2007690
2007700
2007710
2007720
2007730
2007740
2007750
2007760
2007770
2007780
2007790
2007800
2007810
2007820
2007830
2007840
2007850
2007860
2007870
2007880
2007890
2007900
2007910
2007920
2007930
2007940
2007950
2007960
2007970
2007980
2007990
2008000
2008010
2008020
2008030
2008040
2008050
2008060
2008070
2008080
2008090
2008100
2008110
2008120
2008130
2008140
2008150
2008160
2008170
2008180
2008190
2008200
2008210
2008220
2008230
2008240
2008250
2008260
2008270
2008280
2008290
2008300
2008310
2008320
2008330
2008340
2008350
2008360
2008370
2008380
2008390
2008400
2008410
2008420
2008430
2008440
2008450
2008460
2008470
2008480
2008490
2008500
2008510
2008520
2008530
2008540
2008550
2008560
2008570
2008580
2008590
2008600
2008610
2008620
2008630
2008640
2008650
2008660
2008670
2008680
2008690
2008700
2008710
2008720
2008730
2008740
2008750
2008760
2008770
2008780
2008790
2008800
2008810
2008820
2008830
2008840
2008850
2008860
2008870
2008880
2008890
2008900
2008910
2008920
2008930
2008940
2008950
2008960
2008970
2008980
2008990
2009000
2009010
2009020
2009030
2009040
2009050
2009060
2009070
2009080
2009090
2009100
2009110
2009120
2009130
2009140
2009150
2009160
2009170
2009180
2009190
2009200
2009210
2009220
2009230
2009240
2009250
2009260
2009270
2009280
2009290
2009300
2009310
2009320
2009330
2009340
2009350
2009360
2009370
2009380
2009390
2009400
2009410
2009420
2009430
2009440
2009450
2009460
2009470
2009480
2009490
2009500
2009510
2009520
2009530
2009540
2009550
2009560
2009570
2009580
2009590
2009600
2009610
2009620
2009630
2009640
2009650
2009660
2009670
2009680
2009690
2009700
2009710
2009720
2009730
2009740
2009750
2009760
2009770
2009780
2009790
2009800
2009810
2009820
2009830
2009840
2009850
2009860
2009870
2009880
2009890
2009900
2009910
2009920
2009930
2009940
2009950
2009960
2009970
2009980
2009990
2010000
2010010
2010020
2010030
2010040
2010050
2010060
2010070
2010080
2010090
2010100
2010110
2010120
2010130
2010140
2010150
2010160
2010170
2010180
2010190
2010200
2010210
2010220
2010230
