1000000 1000001 1000002
1000010 1000011 1000012
1000020 1000021 1000022
1000030 1000031 1000032
1000040 1000041 1000042
1000050 1000051 1000052
1000060 1000061 1000062
1000070 1000071 1000072
1000080 1000081 1000082
1000090 1000091 1000092
1000100 1000101 1000102
1000110 1000111 1000112
1000120 1000121 1000122
1000130 1000131 1000132
1000140 1000141 1000142
1000150 1000151 1000152
1000160 1000161 1000162
1000170 1000171 1000172
1000180 1000181 1000182
1000190 1000191 1000192
1000200 1000201 1000202
1000210 1000211 1000212
1000220 1000221 1000222
1000230 1000231 1000232
1000240 1000241 1000242
1000250 1000251 1000252
1000260 1000261 1000262
1000270 1000271 1000272
1000280 1000281 1000282
1000290 1000291 1000292
1000300 1000301 1000302
1000310 1000311 1000312
1000320 1000321 1000322
1000330 1000331 1000332
1000340 1000341 1000342
1000350 1000351 1000352
1000360 1000361 1000362
1000370 1000371 1000372
1000380 1000381 1000382
1000390 1000391 1000392
1000400 1000401 1000402
1000410 1000411 1000412
1000420 1000421 1000422
1000430 1000431 1000432
1000440 1000441 1000442
1000450 1000451 1000452
1000460 1000461 1000462
1000470 1000471 1000472
1000480 1000481 1000482
1000490 1000491 1000492
1000500 1000501 1000502
1000510 1000511 1000512
1000520 1000521 1000522
1000530 1000531 1000532
1000540 1000541 1000542
1000550 1000551 1000552
1000560 1000561 1000562
1000570 1000571 1000572
1000580 1000581 1000582
1000590 1000591 1000592
1000600 1000601 1000602
1000610 1000611 1000612
1000620 1000621 1000622
1000630 1000631 1000632
1000640 1000641 1000642
1000650 1000651 1000652
1000660 1000661 1000662
1000670 1000671 1000672
1000680 1000681 1000682
1000690 1000691 1000692
1000700 1000701 1000702
1000710 1000711 1000712
1000720 1000721 1000722
1000730 1000731 1000732
1000740 1000741 1000742
1000750 1000751 1000752
1000760 1000761 1000762
1000770 1000771 1000772
1000780 1000781 1000782
1000790 1000791 1000792
1000800 1000801 1000802
1000810 1000811 1000812
1000820 1000821 1000822
1000830 1000831 1000832
1000840 1000841 1000842
1000850 1000851 1000852
1000860 1000861 1000862
1000870 1000871 1000872
1000880 1000881 1000882
1000890 1000891 1000892
1000900 1000901 1000902
1000910 1000911 1000912
1000920 1000921 1000922
1000930 1000931 1000932
1000940 1000941 1000942
1000950 1000951 1000952
1000960 1000961 1000962
1000970 1000971 1000972
1000980 1000981 1000982
1000990 1000991 1000992
1001000 1001001 1001002
1001010 1001011 1001012
1001020 1001021 1001022
1001030 1001031 1001032
1001040 1001041 1001042
1001050 1001051 1001052
1001060 1001061 1001062
1001070 1001071 1001072
1001080 1001081 1001082
1001090 1001091 1001092
1001100 1001101 1001102
1001110 1001111 1001112
1001120 1001121 1001122
1001130 1001131 1001132
1001140 1001141 1001142
1001150 1001151 1001152
1001160 1001161 1001162
1001170 1001171 1001172
1001180 1001181 1001182
1001190 1001191 1001192
1001200 1001201 1001202
1001210 1001211 1001212
1001220 1001221 1001222
1001230 1001231 1001232
1001240 1001241 1001242
1001250 1001251 1001252
1001260 1001261 1001262
1001270 1001271 1001272
1001280 1001281 1001282
1001290 1001291 1001292
1001300 1001301 1001302
1001310 1001311 1001312
1001320 1001321 1001322
1001330 1001331 1001332
1001340 1001341 1001342
1001350 1001351 1001352
1001360 1001361 1001362
1001370 1001371 1001372
1001380 1001381 1001382
1001390 1001391 1001392
1001400 1001401 1001402
1001410 1001411 1001412
1001420 1001421 1001422
1001430 1001431 1001432
1001440 1001441 1001442
1001450 1001451 1001452
1001460 1001461 1001462
1001470 1001471 1001472
1001480 1001481 1001482
1001490 1001491 1001492
1001500 1001501 1001502
1001510 1001511 1001512
1001520 1001521 1001522
1001530 1001531 1001532
1001540 1001541 1001542
1001550 1001551 1001552
1001560 1001561 1001562
1001570 1001571 1001572
1001580 1001581 1001582
1001590 1001591 1001592
1001600 1001601 1001602
1001610 1001611 1001612
1001620 1001621 1001622
1001630 1001631 1001632
1001640 1001641 1001642
1001650 1001651 1001652
1001660 1001661 1001662
1001670 1001671 1001672
1001680 1001681 1001682
1001690 1001691 1001692
1001700 1001701 1001702
1001710 1001711 1001712
1001720 1001721 1001722
1001730 1001731 1001732
1001740 1001741 1001742
1001750 1001751 1001752
1001760 1001761 1001762
1001770 1001771 1001772
1001780 1001781 1001782
1001790 1001791 1001792
1001800 1001801 1001802
1001810 1001811 1001812
1001820 1001821 1001822
1001830 1001831 1001832
1001840 1001841 1001842
1001850 1001851 1001852
1001860 1001861 1001862
1001870 1001871 1001872
1001880 1001881 1001882
1001890 1001891 1001892
1001900 1001901 1001902
1001910 1001911 1001912
1001920 1001921 1001922
1001930 1001931 1001932
1001940 1001941 1001942
1001950 1001951 1001952
1001960 1001961 1001962
1001970 1001971 1001972
1001980 1001981 1001982
1001990 1001991 1001992
1002000 1002001 1002002
1002010 1002011 1002012
1002020 1002021 1002022
1002030 1002031 1002032
1002040 1002041 1002042
1002050 1002051 1002052
1002060 1002061 1002062
1002070 1002071 1002072
1002080 1002081 1002082
1002090 1002091 1002092
1002100 1002101 1002102
1002110 1002111 1002112
1002120 1002121 1002122
1002130 1002131 1002132
1002140 1002141 1002142
1002150 1002151 1002152
1002160 1002161 1002162
1002170 1002171 1002172
1002180 1002181 1002182
1002190 1002191 1002192
1002200 1002201 1002202
1002210 1002211 1002212
1002220 1002221 1002222
1002230 1002231 1002232
1002240 1002241 1002242
1002250 1002251 1002252
1002260 1002261 1002262
1002270 1002271 1002272
1002280 1002281 1002282
1002290 1002291 1002292
1002300 1002301 1002302
1002310 1002311 1002312
1002320 1002321 1002322
1002330 1002331 1002332
1002340 1002341 1002342
1002350 1002351 1002352
1002360 1002361 1002362
1002370 1002371 1002372
1002380 1002381 1002382
1002390 1002391 1002392
1002400 1002401 1002402
1002410 1002411 1002412
1002420 1002421 1002422
1002430 1002431 1002432
1002440 1002441 1002442
1002450 1002451 1002452
1002460 1002461 1002462
1002470 1002471 1002472
1002480 1002481 1002482
1002490 1002491 1002492
1002500 1002501 1002502
1002510 1002511 1002512
1002520 1002521 1002522
1002530 1002531 1002532
1002540 1002541 1002542
1002550 1002551 1002552
1002560 1002561 1002562
1002570 1002571 1002572
1002580 1002581 1002582
1002590 1002591 1002592
1002600 1002601 1002602
1002610 1002611 1002612
1002620 1002621 1002622
1002630 1002631 1002632
1002640 1002641 1002642
1002650 1002651 1002652
1002660 1002661 1002662
1002670 1002671 1002672
1002680 1002681 1002682
1002690 1002691 1002692
1002700 1002701 1002702
1002710 1002711 1002712
1002720 1002721 1002722
1002730 1002731 1002732
1002740 1002741 1002742
1002750 1002751 1002752
1002760 1002761 1002762
1002770 1002771 1002772
1002780 1002781 1002782
1002790 1002791 1002792
1002800 1002801 1002802
1002810 1002811 1002812
1002820 1002821 1002822
1002830 1002831 1002832
1002840 1002841 1002842
1002850 1002851 1002852
1002860 1002861 1002862
1002870 1002871 1002872
1002880 1002881 1002882
1002890 1002891 1002892
1002900 1002901 1002902
1002910 1002911 1002912
1002920 1002921 1002922
1002930 1002931 1002932
1002940 1002941 1002942
1002950 1002951 1002952
1002960 1002961 1002962
1002970 1002971 1002972
1002980 1002981 1002982
1002990 1002991 1002992
1003000 1003001 1003002
1003010 1003011 1003012
1003020 1003021 1003022
1003030 1003031 1003032
1003040 1003041 1003042
1003050 1003051 1003052
1003060 1003061 1003062
1003070 1003071 1003072
1003080 1003081 1003082
1003090 1003091 1003092
1003100 1003101 1003102
1003110 1003111 1003112
1003120 1003121 1003122
1003130 1003131 1003132
1003140 1003141 1003142
1003150 1003151 1003152
1003160 1003161 1003162
1003170 1003171 1003172
1003180 1003181 1003182
1003190 1003191 1003192
1003200 1003201 1003202
1003210 1003211 1003212
1003220 1003221 1003222
1003230 1003231 1003232
1003240 1003241 1003242
1003250 1003251 1003252
1003260 1003261 1003262
1003270 1003271 1003272
1003280 1003281 1003282
1003290 1003291 1003292
1003300 1003301 1003302
1003310 1003311 1003312
1003320 1003321 1003322
1003330 1003331 1003332
1003340 1003341 1003342
1003350 1003351 1003352
1003360 1003361 1003362
1003370 1003371 1003372
1003380 1003381 1003382
1003390 1003391 1003392
1003400 1003401 1003402
1003410 1003411 1003412
1003420 1003421 1003422
1003430 1003431 1003432
1003440 1003441 1003442
1003450 1003451 1003452
1003460 1003461 1003462
1003470 1003471 1003472
1003480 1003481 1003482
1003490 1003491 1003492
1003500 1003501 1003502
1003510 1003511 1003512
1003520 1003521 1003522
1003530 1003531 1003532
1003540 1003541 1003542
1003550 1003551 1003552
1003560 1003561 1003562
1003570 1003571 1003572
1003580 1003581 1003582
1003590 1003591 1003592
1003600 1003601 1003602
1003610 1003611 1003612
1003620 1003621 1003622
1003630 1003631 1003632
1003640 1003641 1003642
1003650 1003651 1003652
1003660 1003661 1003662
1003670 1003671 1003672
1003680 1003681 1003682
1003690 1003691 1003692
1003700 1003701 1003702
1003710 1003711 1003712
1003720 1003721 1003722
1003730 1003731 1003732
1003740 1003741 1003742
1003750 1003751 1003752
1003760 1003761 1003762
1003770 1003771 1003772
1003780 1003781 1003782
1003790 1003791 1003792
1003800 1003801 1003802
1003810 1003811 1003812
1003820 1003821 1003822
1003830 1003831 1003832
1003840 1003841 1003842
1003850 1003851 1003852
1003860 1003861 1003862
1003870 1003871 1003872
1003880 1003881 1003882
1003890 1003891 1003892
1003900 1003901 1003902
1003910 1003911 1003912
1003920 1003921 1003922
1003930 1003931 1003932
1003940 1003941 1003942
1003950 1003951 1003952
1003960 1003961 1003962
1003970 1003971 1003972
1003980 1003981 1003982
1003990 1003991 1003992
1004000 1004001 1004002
1004010 1004011 1004012
1004020 1004021 1004022
1004030 1004031 1004032
1004040 1004041 1004042
1004050 1004051 1004052
1004060 1004061 1004062
1004070 1004071 1004072
1004080 1004081 1004082
1004090 1004091 1004092
1004100 1004101 1004102
1004110 1004111 1004112
1004120 1004121 1004122
1004130 1004131 1004132
1004140 1004141 1004142
1004150 1004151 1004152
1004160 1004161 1004162
1004170 1004171 1004172
1004180 1004181 1004182
1004190 1004191 1004192
1004200 1004201 1004202
1004210 1004211 1004212
1004220 1004221 1004222
1004230 1004231 1004232
1004240 1004241 1004242
1004250 1004251 1004252
1004260 1004261 1004262
1004270 1004271 1004272
1004280 1004281 1004282
1004290 1004291 1004292
1004300 1004301 1004302
1004310 1004311 1004312
1004320 1004321 1004322
1004330 1004331 1004332
1004340 1004341 1004342
1004350 1004351 1004352
1004360 1004361 1004362
1004370 1004371 1004372
1004380 1004381 1004382
1004390 1004391 1004392
1004400 1004401 1004402
1004410 1004411 1004412
1004420 1004421 1004422
1004430 1004431 1004432
1004440 1004441 1004442
1004450 1004451 1004452
1004460 1004461 1004462
1004470 1004471 1004472
1004480 1004481 1004482
1004490 1004491 1004492
1004500 1004501 1004502
1004510 1004511 1004512
1004520 1004521 1004522
1004530 1004531 1004532
1004540 1004541 1004542
1004550 1004551 1004552
1004560 1004561 1004562
1004570 1004571 1004572
1004580 1004581 1004582
1004590 1004591 1004592
1004600 1004601 1004602
1004610 1004611 1004612
1004620 1004621 1004622
1004630 1004631 1004632
1004640 1004641 1004642
1004650 1004651 1004652
1004660 1004661 1004662
1004670 1004671 1004672
1004680 1004681 1004682
1004690 1004691 1004692
1004700 1004701 1004702
1004710 1004711 1004712
1004720 1004721 1004722
1004730 1004731 1004732
1004740 1004741 1004742
1004750 1004751 1004752
1004760 1004761 1004762
1004770 1004771 1004772
1004780 1004781 1004782
1004790 1004791 1004792
1004800 1004801 1004802
1004810 1004811 1004812
1004820 1004821 1004822
1004830 1004831 1004832
1004840 1004841 1004842
1004850 1004851 1004852
1004860 1004861 1004862
1004870 1004871 1004872
1004880 1004881 1004882
1004890 1004891 1004892
1004900 1004901 1004902
1004910 1004911 1004912
1004920 1004921 1004922
1004930 1004931 1004932
1004940 1004941 1004942
1004950 1004951 1004952
1004960 1004961 1004962
1004970 1004971 1004972
1004980 1004981 1004982
1004990 1004991 1004992
1005000 1005001 1005002
1005010 1005011 1005012
1005020 1005021 1005022
1005030 1005031 1005032
1005040 1005041 1005042
1005050 1005051 1005052
1005060 1005061 1005062
1005070 1005071 1005072
1005080 1005081 1005082
1005090 1005091 1005092
1005100 1005101 1005102
1005110 1005111 1005112
1005120 1005121 1005122
1005130 1005131 1005132
1005140 1005141 1005142
1005150 1005151 1005152
1005160 1005161 1005162
1005170 1005171 1005172
1005180 1005181 1005182
1005190 1005191 1005192
1005200 1005201 1005202
1005210 1005211 1005212
1005220 1005221 1005222
1005230 1005231 1005232
1005240 1005241 1005242
1005250 1005251 1005252
1005260 1005261 1005262
1005270 1005271 1005272
1005280 1005281 1005282
1005290 1005291 1005292
1005300 1005301 1005302
1005310 1005311 1005312
1005320 1005321 1005322
1005330 1005331 1005332
1005340 1005341 1005342
1005350 1005351 1005352
1005360 1005361 1005362
1005370 1005371 1005372
1005380 1005381 1005382
1005390 1005391 1005392
1005400 1005401 1005402
1005410 1005411 1005412
1005420 1005421 1005422
1005430 1005431 1005432
1005440 1005441 1005442
1005450 1005451 1005452
1005460 1005461 1005462
1005470 1005471 1005472
1005480 1005481 1005482
1005490 1005491 1005492
1005500 1005501 1005502
1005510 1005511 1005512
1005520 1005521 1005522
1005530 1005531 1005532
1005540 1005541 1005542
1005550 1005551 1005552
1005560 1005561 1005562
1005570 1005571 1005572
1005580 1005581 1005582
1005590 1005591 1005592
1005600 1005601 1005602
1005610 1005611 1005612
1005620 1005621 1005622
1005630 1005631 1005632
1005640 1005641 1005642
1005650 1005651 1005652
1005660 1005661 1005662
1005670 1005671 1005672
1005680 1005681 1005682
1005690 1005691 1005692
1005700 1005701 1005702
1005710 1005711 1005712
1005720 1005721 1005722
1005730 1005731 1005732
1005740 1005741 1005742
1005750 1005751 1005752
1005760 1005761 1005762
1005770 1005771 1005772
1005780 1005781 1005782
1005790 1005791 1005792
1005800 1005801 1005802
1005810 1005811 1005812
1005820 1005821 1005822
1005830 1005831 1005832
1005840 1005841 1005842
1005850 1005851 1005852
1005860 1005861 1005862
1005870 1005871 1005872
1005880 1005881 1005882
1005890 1005891 1005892
1005900 1005901 1005902
1005910 1005911 1005912
1005920 1005921 1005922
1005930 1005931 1005932
1005940 1005941 1005942
1005950 1005951 1005952
1005960 1005961 1005962
1005970 1005971 1005972
1005980 1005981 1005982
1005990 1005991 1005992
1006000 1006001 1006002
1006010 1006011 1006012
1006020 1006021 1006022
1006030 1006031 1006032
1006040 1006041 1006042
1006050 1006051 1006052
1006060 1006061 1006062
1006070 1006071 1006072
1006080 1006081 1006082
1006090 1006091 1006092
1006100 1006101 1006102
1006110 1006111 1006112
1006120 1006121 1006122
1006130 1006131 1006132
1006140 1006141 1006142
1006150 1006151 1006152
1006160 1006161 1006162
1006170 1006171 1006172
1006180 1006181 1006182
1006190 1006191 1006192
1006200 1006201 1006202
1006210 1006211 1006212
1006220 1006221 1006222
1006230 1006231 1006232
1006240 1006241 1006242
1006250 1006251 1006252
1006260 1006261 1006262
1006270 1006271 1006272
1006280 1006281 1006282
1006290 1006291 1006292
1006300 1006301 1006302
1006310 1006311 1006312
1006320 1006321 1006322
1006330 1006331 1006332
1006340 1006341 1006342
1006350 1006351 1006352
1006360 1006361 1006362
1006370 1006371 1006372
1006380 1006381 1006382
1006390 1006391 1006392
1006400 1006401 1006402
1006410 1006411 1006412
1006420 1006421 1006422
1006430 1006431 1006432
1006440 1006441 1006442
1006450 1006451 1006452
1006460 1006461 1006462
1006470 1006471 1006472
1006480 1006481 1006482
1006490 1006491 1006492
1006500 1006501 1006502
1006510 1006511 1006512
1006520 1006521 1006522
1006530 1006531 1006532
1006540 1006541 1006542
1006550 1006551 1006552
1006560 1006561 1006562
1006570 1006571 1006572
1006580 1006581 1006582
1006590 1006591 1006592
1006600 1006601 1006602
1006610 1006611 1006612
1006620 1006621 1006622
1006630 1006631 1006632
1006640 1006641 1006642
1006650 1006651 1006652
1006660 1006661 1006662
1006670 1006671 1006672
1006680 1006681 1006682
1006690 1006691 1006692
1006700 1006701 1006702
1006710 1006711 1006712
1006720 1006721 1006722
1006730 1006731 1006732
1006740 1006741 1006742
1006750 1006751 1006752
1006760 1006761 1006762
1006770 1006771 1006772
1006780 1006781 1006782
1006790 1006791 1006792
1006800 1006801 1006802
1006810 1006811 1006812
1006820 1006821 1006822
1006830 1006831 1006832
1006840 1006841 1006842
1006850 1006851 1006852
1006860 1006861 1006862
1006870 1006871 1006872
1006880 1006881 1006882
1006890 1006891 1006892
1006900 1006901 1006902
1006910 1006911 1006912
1006920 1006921 1006922
1006930 1006931 1006932
1006940 1006941 1006942
1006950 1006951 1006952
1006960 1006961 1006962
1006970 1006971 1006972
1006980 1006981 1006982
1006990 1006991 1006992
1007000 1007001 1007002
1007010 1007011 1007012
1007020 1007021 1007022
1007030 1007031 1007032
1007040 1007041 1007042
1007050 1007051 1007052
1007060 1007061 1007062
1007070 1007071 1007072
1007080 1007081 1007082
1007090 1007091 1007092
1007100 1007101 1007102
1007110 1007111 1007112
1007120 1007121 1007122
1007130 1007131 1007132
1007140 1007141 1007142
1007150 1007151 1007152
1007160 1007161 1007162
1007170 1007171 1007172
1007180 1007181 1007182
1007190 1007191 1007192
1007200 1007201 1007202
1007210 1007211 1007212
1007220 1007221 1007222
1007230 1007231 1007232
1007240 1007241 1007242
1007250 1007251 1007252
1007260 1007261 1007262
1007270 1007271 1007272
1007280 1007281 1007282
1007290 1007291 1007292
1007300 1007301 1007302
1007310 1007311 1007312
1007320 1007321 1007322
1007330 1007331 1007332
1007340 1007341 1007342
1007350 1007351 1007352
1007360 1007361 1007362
1007370 1007371 1007372
1007380 1007381 1007382
1007390 1007391 1007392
1007400 1007401 1007402
1007410 1007411 1007412
1007420 1007421 1007422
1007430 1007431 1007432
1007440 1007441 1007442
1007450 1007451 1007452
1007460 1007461 1007462
1007470 1007471 1007472
1007480 1007481 1007482
1007490 1007491 1007492
1007500 1007501 1007502
1007510 1007511 1007512
1007520 1007521 1007522
1007530 1007531 1007532
1007540 1007541 1007542
1007550 1007551 1007552
1007560 1007561 1007562
1007570 1007571 1007572
1007580 1007581 1007582
1007590 1007591 1007592
1007600 1007601 1007602
1007610 1007611 1007612
1007620 1007621 1007622
1007630 1007631 1007632
1007640 1007641 1007642
1007650 1007651 1007652
1007660 1007661 1007662
1007670 1007671 1007672
1007680 1007681 1007682
1007690 1007691 1007692
1007700 1007701 1007702
1007710 1007711 1007712
1007720 1007721 1007722
1007730 1007731 1007732
1007740 1007741 1007742
1007750 1007751 1007752
1007760 1007761 1007762
1007770 1007771 1007772
1007780 1007781 1007782
1007790 1007791 1007792
1007800 1007801 1007802
1007810 1007811 1007812
1007820 1007821 1007822
1007830 1007831 1007832
1007840 1007841 1007842
1007850 1007851 1007852
1007860 1007861 1007862
1007870 1007871 1007872
1007880 1007881 1007882
1007890 1007891 1007892
1007900 1007901 1007902
1007910 1007911 1007912
1007920 1007921 1007922
1007930 1007931 1007932
1007940 1007941 1007942
1007950 1007951 1007952
1007960 1007961 1007962
1007970 1007971 1007972
1007980 1007981 1007982
1007990 1007991 1007992
1008000 1008001 1008002
1008010 1008011 1008012
1008020 1008021 1008022
1008030 1008031 1008032
1008040 1008041 1008042
1008050 1008051 1008052
1008060 1008061 1008062
1008070 1008071 1008072
1008080 1008081 1008082
1008090 1008091 1008092
1008100 1008101 1008102
1008110 1008111 1008112
1008120 1008121 1008122
1008130 1008131 1008132
1008140 1008141 1008142
1008150 1008151 1008152
1008160 1008161 1008162
1008170 1008171 1008172
1008180 1008181 1008182
1008190 1008191 1008192
1008200 1008201 1008202
1008210 1008211 1008212
1008220 1008221 1008222
1008230 1008231 1008232
1008240 1008241 1008242
1008250 1008251 1008252
1008260 1008261 1008262
1008270 1008271 1008272
1008280 1008281 1008282
1008290 1008291 1008292
1008300 1008301 1008302
1008310 1008311 1008312
1008320 1008321 1008322
1008330 1008331 1008332
1008340 1008341 1008342
1008350 1008351 1008352
1008360 1008361 1008362
1008370 1008371 1008372
1008380 1008381 1008382
1008390 1008391 1008392
1008400 1008401 1008402
1008410 1008411 1008412
1008420 1008421 1008422
1008430 1008431 1008432
1008440 1008441 1008442
1008450 1008451 1008452
1008460 1008461 1008462
1008470 1008471 1008472
1008480 1008481 1008482
1008490 1008491 1008492
1008500 1008501 1008502
1008510 1008511 1008512
1008520 1008521 1008522
1008530 1008531 1008532
1008540 1008541 1008542
1008550 1008551 1008552
1008560 1008561 1008562
1008570 1008571 1008572
1008580 1008581 1008582
1008590 1008591 1008592
1008600 1008601 1008602
1008610 1008611 1008612
1008620 1008621 1008622
1008630 1008631 1008632
1008640 1008641 1008642
1008650 1008651 1008652
1008660 1008661 1008662
1008670 1008671 1008672
1008680 1008681 1008682
1008690 1008691 1008692
1008700 1008701 1008702
1008710 1008711 1008712
1008720 1008721 1008722
1008730 1008731 1008732
1008740 1008741 1008742
1008750 1008751 1008752
1008760 1008761 1008762
1008770 1008771 1008772
1008780 1008781 1008782
1008790 1008791 1008792
1008800 1008801 1008802
1008810 1008811 1008812
1008820 1008821 1008822
1008830 1008831 1008832
1008840 1008841 1008842
1008850 1008851 1008852
1008860 1008861 1008862
1008870 1008871 1008872
1008880 1008881 1008882
1008890 1008891 1008892
1008900 1008901 1008902
1008910 1008911 1008912
1008920 1008921 1008922
1008930 1008931 1008932
1008940 1008941 1008942
1008950 1008951 1008952
1008960 1008961 1008962
1008970 1008971 1008972
1008980 1008981 1008982
1008990 1008991 1008992
1009000 1009001 1009002
1009010 1009011 1009012
1009020 1009021 1009022
1009030 1009031 1009032
1009040 1009041 1009042
1009050 1009051 1009052
1009060 1009061 1009062
1009070 1009071 1009072
1009080 1009081 1009082
1009090 1009091 1009092
1009100 1009101 1009102
1009110 1009111 1009112
1009120 1009121 1009122
1009130 1009131 1009132
1009140 1009141 1009142
1009150 1009151 1009152
1009160 1009161 1009162
1009170 1009171 1009172
1009180 1009181 1009182
1009190 1009191 1009192
1009200 1009201 1009202
1009210 1009211 1009212
1009220 1009221 1009222
1009230 1009231 1009232
1009240 1009241 1009242
1009250 1009251 1009252
1009260 1009261 1009262
1009270 1009271 1009272
1009280 1009281 1009282
1009290 1009291 1009292
1009300 1009301 1009302
1009310 1009311 1009312
1009320 1009321 1009322
1009330 1009331 1009332
1009340 1009341 1009342
1009350 1009351 1009352
1009360 1009361 1009362
1009370 1009371 1009372
1009380 1009381 1009382
1009390 1009391 1009392
1009400 1009401 1009402
1009410 1009411 1009412
1009420 1009421 1009422
1009430 1009431 1009432
1009440 1009441 1009442
1009450 1009451 1009452
1009460 1009461 1009462
1009470 1009471 1009472
1009480 1009481 1009482
1009490 1009491 1009492
1009500 1009501 1009502
1009510 1009511 1009512
1009520 1009521 1009522
1009530 1009531 1009532
1009540 1009541 1009542
1009550 1009551 1009552
1009560 1009561 1009562
1009570 1009571 1009572
1009580 1009581 1009582
1009590 1009591 1009592
1009600 1009601 1009602
1009610 1009611 1009612
1009620 1009621 1009622
1009630 1009631 1009632
1009640 1009641 1009642
1009650 1009651 1009652
1009660 1009661 1009662
1009670 1009671 1009672
1009680 1009681 1009682
1009690 1009691 1009692
1009700 1009701 1009702
1009710 1009711 1009712
1009720 1009721 1009722
1009730 1009731 1009732
1009740 1009741 1009742
1009750 1009751 1009752
1009760 1009761 1009762
1009770 1009771 1009772
1009780 1009781 1009782
1009790 1009791 1009792
1009800 1009801 1009802
1009810 1009811 1009812
1009820 1009821 1009822
1009830 1009831 1009832
1009840 1009841 1009842
1009850 1009851 1009852
1009860 1009861 1009862
1009870 1009871 1009872
1009880 1009881 1009882
1009890 1009891 1009892
1009900 1009901 1009902
1009910 1009911 1009912
1009920 1009921 1009922
1009930 1009931 1009932
1009940 1009941 1009942
1009950 1009951 1009952
1009960 1009961 1009962
1009970 1009971 1009972
1009980 1009981 1009982
1009990 1009991 1009992
1010000 1010001 1010002
1010010 1010011 1010012
1010020 1010021 1010022
1010030 1010031 1010032
1010040 1010041 1010042
1010050 1010051 1010052
1010060 1010061 1010062
1010070 1010071 1010072
1010080 1010081 1010082
1010090 1010091 1010092
1010100 1010101 1010102
1010110 1010111 1010112
1010120 1010121 1010122
1010130 1010131 1010132
1010140 1010141 1010142
1010150 1010151 1010152
1010160 1010161 1010162
1010170 1010171 1010172
1010180 1010181 1010182
1010190 1010191 1010192
1010200 1010201 1010202
1010210 1010211 1010212
1010220 1010221 1010222
1010230 1010231 1010232
