580
878
451
821
326
751
71
731
239
925
311
250
410
734
670
161
886
672
650
554
699
607
551
1
14
144
3
420
421
539
188
277
521
512
129
617
332
594
422
209
897
907
801
16
218
958
153
733
362
831
909
960
162
50
532
236
543
753
595
847
462
638
768
196
190
13
495
805
484
448
632
444
71
201
404
400
214
559
35
250
66
361
823
458
912
945
900
262
557
801
818
722
197
197
301
240
535
533
526
916
162
391
84
681
113
183
352
450
739
895
637
385
997
97
506
587
847
344
602
531
196
779
886
984
519
759
525
948
251
527
186
567
954
738
390
237
579
691
134
477
28
164
412
488
572
499
822
764
875
921
888
673
333
748
680
577
475
253
979
539
825
732
164
795
991
215
33
451
627
479
798
771
631
710
567
130
575
913
278
999
640
874
894
635
373
95
132
581
224
164
258
461
32
889
716
701
447
352
184
598
387
981
356
786
538
113
504
620
559
229
910
920
915
584
385
407
292
106
571
417
257
498
664
386
84
438
93
129
184
982
884
765
408
737
82
526
668
533
787
513
281
482
365
26
896
945
95
73
634
344
92
783
343
809
660
347
899
175
315
558
874
365
964
961
319
684
139
705
310
358
267
867
745
364
890
576
62
24
68
163
537
51
947
919
893
355
431
760
438
184
781
313
401
85
521
444
430
728
926
988
154
241
489
945
226
603
806
94
43
792
467
480
865
319
64
131
695
802
59
721
623
554
105
207
704
136
219
878
554
142
696
30
41
379
31
551
274
170
996
617
14
314
205
545
323
105
107
703
438
134
595
247
980
39
8
735
816
520
815
448
716
737
410
527
823
806
807
119
737
793
883
940
518
169
567
828
950
480
137
459
403
970
941
708
807
185
980
331
349
334
743
16
243
284
685
800
195
637
103
52
38
448
4
231
926
916
907
249
530
790
980
485
56
675
149
673
946
792
44
45
38
796
829
718
665
604
645
966
667
707
546
976
804
435
977
813
15
831
508
338
947
363
176
152
134
72
928
733
352
312
826
123
397
954
622
264
881
960
326
322
913
473
332
418
790
533
748
382
420
966
706
799
941
32
239
220
398
447
438
9
530
771
76
525
885
881
244
56
244
309
197
200
837
516
747
345
166
977
715
677
379
411
373
611
53
698
628
676
183
942
922
408
97
288
815
688
562
27
753
924
781
692
844
390
274
506
342
370
264
727
40
475
917
512
519
736
829
365
955
413
277
234
18
923
542
706
119
140
189
573
705
863
937
63
537
592
32
586
254
712
826
586
878
28
912
495
1
617
746
981
811
257
757
736
229
458
490
346
912
415
485
833
898
151
891
599
878
920
460
600
591
543
258
674
165
256
148
921
152
817
