427
800
663
915
817
498
162
961
25
30
199
403
114
891
862
935
921
431
669
942
400
247
224
416
782
728
565
455
680
371
484
1000
661
490
826
338
123
116
550
957
811
733
899
942
878
946
522
24
279
828
336
229
898
54
473
844
756
520
275
983
368
686
149
609
950
921
732
691
876
314
123
219
405
598
874
129
512
263
692
690
632
682
243
194
798
964
709
82
903
2
105
520
767
51
231
123
106
336
888
73
37
756
437
123
333
503
830
775
241
377
296
242
689
795
370
700
451
427
53
741
184
735
72
249
411
33
251
93
453
102
766
182
444
312
286
777
998
841
847
398
561
467
766
709
945
497
14
976
827
794
541
823
530
551
347
52
466
996
837
422
896
280
979
399
560
22
754
993
210
682
874
271
800
124
475
571
422
582
818
906
386
121
151
785
305
969
90
647
612
687
224
701
191
353
219
586
747
444
206
325
777
505
808
205
233
521
321
964
333
791
119
948
965
405
347
853
574
810
360
971
401
906
815
741
425
448
806
165
893
861
637
642
304
678
109
58
401
425
789
352
633
213
9
109
326
724
382
990
970
964
206
574
23
3
16
116
55
402
452
63
952
946
137
971
887
904
671
149
832
604
756
80
553
348
104
861
688
900
360
746
862
735
185
1000
290
112
51
39
18
487
403
467
448
773
398
958
588
228
839
717
425
86
299
587
939
351
198
323
70
295
148
696
29
537
336
531
928
99
927
612
427
945
944
486
494
28
800
176
196
436
172
257
555
224
450
491
386
783
106
161
619
894
454
356
124
929
452
816
848
211
467
55
686
11
698
63
393
432
240
915
618
111
984
88
842
819
154
464
226
525
696
935
143
129
960
354
752
123
309
841
601
233
544
426
942
629
149
395
884
389
212
309
25
392
181
882
673
970
673
698
86
344
249
467
854
486
312
385
452
763
932
291
839
67
233
967
533
128
124
929
96
106
994
485
456
87
651
233
954
711
428
124
10
291
754
388
240
383
736
404
437
6
823
663
143
938
648
266
645
877
414
594
113
267
832
801
921
45
488
680
99
66
624
478
261
846
759
723
984
293
544
26
119
812
840
267
500
581
890
721
560
2
195
990
518
552
366
159
794
656
577
930
239
79
481
58
941
89
635
990
955
537
999
326
398
164
784
396
785
771
28
650
352
554
618
952
199
115
110
727
156
268
524
105
425
879
247
301
856
313
902
162
739
916
919
808
48
182
182
528
297
650
249
360
641
684
96
498
835
7
745
678
438
709
647
503
214
582
677
560
701
959
768
266
287
355
453
376
942
402
196
851
195
979
503
259
395
862
275
868
410
380
567
20
185
875
925
142
807
243
657
106
70
568
629
240
971
447
249
131
