884
901
43
4
235
808
256
15
45
153
583
187
136
643
836
366
854
478
448
542
297
859
934
733
227
291
782
764
457
549
168
670
709
533
719
327
286
288
703
965
14
404
273
602
753
963
148
816
27
130
904
935
692
85
526
671
175
934
838
576
354
523
96
364
13
339
972
703
494
396
501
420
327
175
268
962
774
244
18
190
107
594
272
709
321
26
911
86
833
804
8
113
557
162
32
652
589
494
72
132
269
121
431
544
833
519
632
817
442
884
186
883
964
533
374
585
578
774
251
753
773
360
976
396
625
303
814
926
10
961
370
880
615
697
858
842
983
64
520
665
405
665
162
428
80
999
904
98
696
678
739
293
769
360
537
225
539
587
576
125
845
822
442
844
639
977
305
88
674
692
258
957
917
846
710
40
931
338
434
560
114
46
325
450
838
182
389
725
109
417
169
526
52
32
656
43
953
428
309
437
409
638
770
188
298
309
391
295
567
122
775
903
59
945
437
239
406
80
420
971
992
253
357
222
797
134
84
589
960
876
326
743
481
383
762
193
117
238
623
943
227
62
482
290
10
145
69
528
109
479
981
844
303
949
429
368
966
935
736
317
762
319
616
198
947
226
570
763
40
981
503
46
299
620
439
111
16
641
488
892
486
323
410
995
936
345
78
499
511
186
308
980
417
987
13
298
650
629
100
730
550
863
97
736
498
254
522
323
635
790
831
209
630
392
932
407
339
840
521
772
929
998
1000
559
464
393
491
74
433
758
873
19
747
605
319
303
290
525
608
587
663
704
377
224
259
951
343
75
14
404
586
493
703
448
521
635
432
517
809
39
849
92
468
485
65
248
61
859
824
933
297
705
720
802
140
124
942
165
867
159
455
582
811
28
30
255
670
766
147
724
426
268
77
527
611
485
1000
819
59
385
371
648
142
337
508
563
714
433
866
996
247
544
912
957
36
454
165
971
567
104
30
226
94
349
98
552
855
310
870
675
506
300
17
911
255
87
567
110
744
116
404
482
347
694
567
703
714
716
412
753
909
59
176
46
444
891
586
971
980
451
893
405
296
228
252
651
478
416
222
365
332
222
412
547
649
270
121
923
526
691
748
48
153
508
728
577
854
482
38
817
536
778
776
560
554
948
857
681
51
969
349
615
531
449
143
592
382
84
802
501
102
714
353
40
907
940
187
577
494
166
239
503
904
949
749
24
423
529
822
363
51
928
152
88
820
995
351
196
460
895
825
812
16
302
868
663
905
360
579
158
711
871
142
881
867
460
910
707
96
20
122
352
786
553
426
826
786
861
391
386
950
770
701
827
435
988
815
509
357
372
266
186
773
210
480
268
730
348
547
418
151
909
708
128
124
636
438
725
970
898
