152
846
581
187
448
442
211
706
996
962
489
149
189
705
153
974
544
982
669
365
493
73
91
995
839
210
570
876
97
655
323
597
932
119
766
495
24
283
129
597
363
163
521
63
166
721
663
766
85
397
781
900
495
57
843
76
717
572
108
617
899
559
707
322
40
642
776
237
319
970
16
344
881
161
619
659
445
649
902
866
137
531
131
287
224
877
898
470
226
332
491
862
291
769
261
356
611
635
352
5
434
757
506
684
575
19
613
33
97
371
81
405
820
96
92
190
216
834
704
733
210
492
77
723
20
151
766
440
925
207
46
812
916
735
349
340
385
433
212
561
392
731
159
350
475
160
350
672
510
436
909
160
275
724
675
135
282
289
622
325
15
492
436
604
698
236
699
703
645
727
811
371
354
804
455
125
246
329
79
148
583
29
21
821
350
513
415
143
192
762
43
863
371
377
21
163
689
912
601
846
312
913
54
709
953
27
75
826
959
997
773
205
375
805
514
772
296
487
301
355
815
973
113
418
78
13
34
570
84
15
146
704
268
267
721
750
61
27
306
145
35
605
482
516
797
369
470
964
527
634
156
721
464
255
11
652
722
64
246
576
596
918
877
139
343
939
949
582
964
18
687
841
552
346
272
217
561
322
168
920
310
193
501
768
478
719
356
100
735
899
524
166
545
134
28
677
463
261
126
625
