241
444
182
539
906
619
978
968
762
85
118
14
481
431
23
750
160
514
308
130
853
474
776
376
708
160
689
989
217
228
797
924
660
765
523
67
987
860
890
865
840
773
920
363
317
604
113
325
547
346
680
797
874
452
916
159
911
491
247
818
541
661
863
184
494
628
866
634
676
786
643
982
186
409
828
5
640
50
635
661
611
500
294
272
566
216
615
286
530
840
307
300
357
762
799
925
765
16
147
15
69
692
83
143
569
88
477
387
886
894
566
628
232
286
372
885
695
0
918
767
692
287
761
904
7
465
104
129
207
642
703
249
25
368
947
963
520
371
228
899
540
997
395
738
650
681
777
810
913
841
260
615
870
167
921
361
77
796
286
207
8
604
260
230
449
697
573
122
647
834
828
317
631
390
306
631
130
760
188
851
624
837
679
578
11
77
625
164
273
856
896
267
230
471
238
546
948
411
852
95
83
831
34
559
869
688
191
258
518
722
630
779
79
784
907
900
37
391
843
902
34
43
406
386
418
570
369
317
770
92
175
933
750
331
558
759
725
883
74
986
385
791
280
311
740
883
48
418
519
454
439
544
560
131
713
486
990
802
249
935
203
511
778
149
213
41
955
884
849
434
8
897
21
433
236
957
920
218
561
792
898
238
525
300
966
416
176
622
907
443
831
359
701
816
400
170
24
146
795
25
226
588
332
326
468
517
529
909
97
620
242
329
442
148
474
392
921
434
613
903
328
751
533
22
747
760
619
464
365
407
212
520
112
988
137
982
500
157
321
799
931
121
56
839
742
152
609
1000
694
488
486
497
352
770
768
350
518
147
707
656
719
457
106
526
860
966
714
54
122
847
862
211
998
847
655
617
238
516
479
41
606
851
589
73
369
302
503
772
75
169
159
510
672
207
139
458
423
308
56
765
310
767
406
147
772
836
304
365
514
244
635
229
737
887
603
712
427
498
521
188
483
0
659
808
711
1000
345
783
450
819
317
277
236
885
135
518
632
141
609
902
345
125
645
438
103
5
39
964
392
679
943
617
575
695
732
153
331
470
375
266
182
705
12
655
124
581
996
607
851
235
751
482
255
451
790
873
142
443
551
989
99
645
452
599
919
735
834
540
253
773
996
824
192
716
959
673
394
731
636
475
204
922
137
136
765
422
611
399
878
117
857
758
571
845
55
520
241
157
80
911
786
651
653
853
426
22
940
208
293
471
834
907
632
416
153
686
650
558
83
734
539
801
820
540
598
734
707
701
297
487
445
499
976
933
119
923
164
83
493
16
363
71
250
929
822
211
263
779
943
499
433
856
550
123
746
513
160
844
63
784
486
205
151
253
440
860
644
588
781
357
341
139
276
958
331
643
193
492
959
637
