137
174
216
323
865
765
706
517
302
664
704
827
390
516
186
943
134
850
667
760
349
785
634
857
592
638
518
884
831
468
233
466
478
510
277
212
993
157
923
571
411
245
688
586
643
519
652
943
200
58
915
68
330
255
167
779
898
217
401
129
407
306
128
499
105
536
625
551
560
275
977
168
260
210
933
182
651
142
924
493
276
380
613
533
54
445
963
866
75
159
437
430
29
245
316
973
861
597
750
188
877
75
992
1
737
722
913
120
213
81
573
212
165
668
694
51
324
544
341
857
383
508
244
441
353
892
910
822
699
914
488
455
915
526
361
657
58
700
83
827
793
926
981
155
755
48
993
320
707
552
512
91
251
489
507
585
53
766
199
260
967
422
198
269
359
4
863
193
795
277
179
131
413
163
819
550
902
326
181
169
48
310
142
273
886
331
44
435
476
681
256
968
823
195
913
611
665
647
867
81
982
524
599
494
534
510
2
364
401
374
483
476
226
934
837
256
987
991
507
984
355
34
458
511
624
846
21
914
681
302
533
672
722
228
422
409
712
455
130
6
976
483
624
801
267
262
769
351
345
824
590
328
965
306
281
801
827
575
540
940
732
674
523
562
851
788
793
594
324
52
367
1000
854
111
885
45
613
531
582
910
185
372
764
884
711
567
78
313
405
558
965
357
58
676
322
5
42
105
102
788
4
150
374
122
501
182
395
392
110
362
847
316
497
556
79
71
112
708
606
440
337
946
442
889
651
57
43
748
751
912
865
557
246
707
246
537
707
999
273
724
831
76
325
901
990
21
901
945
761
218
854
215
219
507
984
503
459
763
682
391
759
354
858
336
521
519
928
142
550
958
158
897
449
74
22
671
191
707
344
611
211
909
927
737
203
792
800
977
344
740
386
628
922
235
554
295
108
853
698
793
85
681
400
545
664
568
978
420
190
874
235
817
205
144
863
560
344
766
930
633
193
985
288
253
305
328
487
298
52
230
648
61
825
814
413
144
727
363
293
110
53
243
981
288
763
409
4
255
962
98
398
681
777
631
511
992
103
409
77
451
877
435
165
762
186
403
957
602
306
520
24
519
542
414
312
218
741
445
227
719
309
560
72
579
863
492
495
539
184
783
777
119
609
782
78
290
615
889
53
624
578
119
256
389
771
622
799
140
551
644
599
907
873
85
766
340
964
900
98
383
123
164
433
642
354
740
596
925
340
221
739
430
725
191
284
836
37
365
118
264
243
509
836
949
198
268
730
682
136
315
446
349
211
170
839
100
273
782
748
538
893
664
222
176
774
465
867
101
546
714
3
918
3
575
120
558
387
52
465
65
184
424
11
256
858
308
46
17
821
58
381
816
143
910
52
161
922
394
254
214
