3000000 3000001 3000002 3000003
3000010 3000011 3000012 3000013
3000020 3000021 3000022 3000023
3000030 3000031 3000032 3000033
3000040 3000041 3000042 3000043
3000050 3000051 3000052 3000053
3000060 3000061 3000062 3000063
3000070 3000071 3000072 3000073
3000080 3000081 3000082 3000083
3000090 3000091 3000092 3000093
3000100 3000101 3000102 3000103
3000110 3000111 3000112 3000113
3000120 3000121 3000122 3000123
3000130 3000131 3000132 3000133
3000140 3000141 3000142 3000143
3000150 3000151 3000152 3000153
3000160 3000161 3000162 3000163
3000170 3000171 3000172 3000173
3000180 3000181 3000182 3000183
3000190 3000191 3000192 3000193
3000200 3000201 3000202 3000203
3000210 3000211 3000212 3000213
3000220 3000221 3000222 3000223
3000230 3000231 3000232 3000233
3000240 3000241 3000242 3000243
3000250 3000251 3000252 3000253
3000260 3000261 3000262 3000263
3000270 3000271 3000272 3000273
3000280 3000281 3000282 3000283
3000290 3000291 3000292 3000293
3000300 3000301 3000302 3000303
3000310 3000311 3000312 3000313
3000320 3000321 3000322 3000323
3000330 3000331 3000332 3000333
3000340 3000341 3000342 3000343
3000350 3000351 3000352 3000353
3000360 3000361 3000362 3000363
3000370 3000371 3000372 3000373
3000380 3000381 3000382 3000383
3000390 3000391 3000392 3000393
3000400 3000401 3000402 3000403
3000410 3000411 3000412 3000413
3000420 3000421 3000422 3000423
3000430 3000431 3000432 3000433
3000440 3000441 3000442 3000443
3000450 3000451 3000452 3000453
3000460 3000461 3000462 3000463
3000470 3000471 3000472 3000473
3000480 3000481 3000482 3000483
3000490 3000491 3000492 3000493
3000500 3000501 3000502 3000503
3000510 3000511 3000512 3000513
3000520 3000521 3000522 3000523
3000530 3000531 3000532 3000533
3000540 3000541 3000542 3000543
3000550 3000551 3000552 3000553
3000560 3000561 3000562 3000563
3000570 3000571 3000572 3000573
3000580 3000581 3000582 3000583
3000590 3000591 3000592 3000593
3000600 3000601 3000602 3000603
3000610 3000611 3000612 3000613
3000620 3000621 3000622 3000623
3000630 3000631 3000632 3000633
3000640 3000641 3000642 3000643
3000650 3000651 3000652 3000653
3000660 3000661 3000662 3000663
3000670 3000671 3000672 3000673
3000680 3000681 3000682 3000683
3000690 3000691 3000692 3000693
3000700 3000701 3000702 3000703
3000710 3000711 3000712 3000713
3000720 3000721 3000722 3000723
3000730 3000731 3000732 3000733
3000740 3000741 3000742 3000743
3000750 3000751 3000752 3000753
3000760 3000761 3000762 3000763
3000770 3000771 3000772 3000773
3000780 3000781 3000782 3000783
3000790 3000791 3000792 3000793
3000800 3000801 3000802 3000803
3000810 3000811 3000812 3000813
3000820 3000821 3000822 3000823
3000830 3000831 3000832 3000833
3000840 3000841 3000842 3000843
3000850 3000851 3000852 3000853
3000860 3000861 3000862 3000863
3000870 3000871 3000872 3000873
3000880 3000881 3000882 3000883
3000890 3000891 3000892 3000893
3000900 3000901 3000902 3000903
3000910 3000911 3000912 3000913
3000920 3000921 3000922 3000923
3000930 3000931 3000932 3000933
3000940 3000941 3000942 3000943
3000950 3000951 3000952 3000953
3000960 3000961 3000962 3000963
3000970 3000971 3000972 3000973
3000980 3000981 3000982 3000983
3000990 3000991 3000992 3000993
3001000 3001001 3001002 3001003
3001010 3001011 3001012 3001013
3001020 3001021 3001022 3001023
3001030 3001031 3001032 3001033
3001040 3001041 3001042 3001043
3001050 3001051 3001052 3001053
3001060 3001061 3001062 3001063
3001070 3001071 3001072 3001073
3001080 3001081 3001082 3001083
3001090 3001091 3001092 3001093
3001100 3001101 3001102 3001103
3001110 3001111 3001112 3001113
3001120 3001121 3001122 3001123
3001130 3001131 3001132 3001133
3001140 3001141 3001142 3001143
3001150 3001151 3001152 3001153
3001160 3001161 3001162 3001163
3001170 3001171 3001172 3001173
3001180 3001181 3001182 3001183
3001190 3001191 3001192 3001193
3001200 3001201 3001202 3001203
3001210 3001211 3001212 3001213
3001220 3001221 3001222 3001223
3001230 3001231 3001232 3001233
3001240 3001241 3001242 3001243
3001250 3001251 3001252 3001253
3001260 3001261 3001262 3001263
3001270 3001271 3001272 3001273
3001280 3001281 3001282 3001283
3001290 3001291 3001292 3001293
3001300 3001301 3001302 3001303
3001310 3001311 3001312 3001313
3001320 3001321 3001322 3001323
3001330 3001331 3001332 3001333
3001340 3001341 3001342 3001343
3001350 3001351 3001352 3001353
3001360 3001361 3001362 3001363
3001370 3001371 3001372 3001373
3001380 3001381 3001382 3001383
3001390 3001391 3001392 3001393
3001400 3001401 3001402 3001403
3001410 3001411 3001412 3001413
3001420 3001421 3001422 3001423
3001430 3001431 3001432 3001433
3001440 3001441 3001442 3001443
3001450 3001451 3001452 3001453
3001460 3001461 3001462 3001463
3001470 3001471 3001472 3001473
3001480 3001481 3001482 3001483
3001490 3001491 3001492 3001493
3001500 3001501 3001502 3001503
3001510 3001511 3001512 3001513
3001520 3001521 3001522 3001523
3001530 3001531 3001532 3001533
3001540 3001541 3001542 3001543
3001550 3001551 3001552 3001553
3001560 3001561 3001562 3001563
3001570 3001571 3001572 3001573
3001580 3001581 3001582 3001583
3001590 3001591 3001592 3001593
3001600 3001601 3001602 3001603
3001610 3001611 3001612 3001613
3001620 3001621 3001622 3001623
3001630 3001631 3001632 3001633
3001640 3001641 3001642 3001643
3001650 3001651 3001652 3001653
3001660 3001661 3001662 3001663
3001670 3001671 3001672 3001673
3001680 3001681 3001682 3001683
3001690 3001691 3001692 3001693
3001700 3001701 3001702 3001703
3001710 3001711 3001712 3001713
3001720 3001721 3001722 3001723
3001730 3001731 3001732 3001733
3001740 3001741 3001742 3001743
3001750 3001751 3001752 3001753
3001760 3001761 3001762 3001763
3001770 3001771 3001772 3001773
3001780 3001781 3001782 3001783
3001790 3001791 3001792 3001793
3001800 3001801 3001802 3001803
3001810 3001811 3001812 3001813
3001820 3001821 3001822 3001823
3001830 3001831 3001832 3001833
3001840 3001841 3001842 3001843
3001850 3001851 3001852 3001853
3001860 3001861 3001862 3001863
3001870 3001871 3001872 3001873
3001880 3001881 3001882 3001883
3001890 3001891 3001892 3001893
3001900 3001901 3001902 3001903
3001910 3001911 3001912 3001913
3001920 3001921 3001922 3001923
3001930 3001931 3001932 3001933
3001940 3001941 3001942 3001943
3001950 3001951 3001952 3001953
3001960 3001961 3001962 3001963
3001970 3001971 3001972 3001973
3001980 3001981 3001982 3001983
3001990 3001991 3001992 3001993
3002000 3002001 3002002 3002003
3002010 3002011 3002012 3002013
3002020 3002021 3002022 3002023
3002030 3002031 3002032 3002033
3002040 3002041 3002042 3002043
3002050 3002051 3002052 3002053
3002060 3002061 3002062 3002063
3002070 3002071 3002072 3002073
3002080 3002081 3002082 3002083
3002090 3002091 3002092 3002093
3002100 3002101 3002102 3002103
3002110 3002111 3002112 3002113
3002120 3002121 3002122 3002123
3002130 3002131 3002132 3002133
3002140 3002141 3002142 3002143
3002150 3002151 3002152 3002153
3002160 3002161 3002162 3002163
3002170 3002171 3002172 3002173
3002180 3002181 3002182 3002183
3002190 3002191 3002192 3002193
3002200 3002201 3002202 3002203
3002210 3002211 3002212 3002213
3002220 3002221 3002222 3002223
3002230 3002231 3002232 3002233
3002240 3002241 3002242 3002243
3002250 3002251 3002252 3002253
3002260 3002261 3002262 3002263
3002270 3002271 3002272 3002273
3002280 3002281 3002282 3002283
3002290 3002291 3002292 3002293
3002300 3002301 3002302 3002303
3002310 3002311 3002312 3002313
3002320 3002321 3002322 3002323
3002330 3002331 3002332 3002333
3002340 3002341 3002342 3002343
3002350 3002351 3002352 3002353
3002360 3002361 3002362 3002363
3002370 3002371 3002372 3002373
3002380 3002381 3002382 3002383
3002390 3002391 3002392 3002393
3002400 3002401 3002402 3002403
3002410 3002411 3002412 3002413
3002420 3002421 3002422 3002423
3002430 3002431 3002432 3002433
3002440 3002441 3002442 3002443
3002450 3002451 3002452 3002453
3002460 3002461 3002462 3002463
3002470 3002471 3002472 3002473
3002480 3002481 3002482 3002483
3002490 3002491 3002492 3002493
3002500 3002501 3002502 3002503
3002510 3002511 3002512 3002513
3002520 3002521 3002522 3002523
3002530 3002531 3002532 3002533
3002540 3002541 3002542 3002543
3002550 3002551 3002552 3002553
3002560 3002561 3002562 3002563
3002570 3002571 3002572 3002573
3002580 3002581 3002582 3002583
3002590 3002591 3002592 3002593
3002600 3002601 3002602 3002603
3002610 3002611 3002612 3002613
3002620 3002621 3002622 3002623
3002630 3002631 3002632 3002633
3002640 3002641 3002642 3002643
3002650 3002651 3002652 3002653
3002660 3002661 3002662 3002663
3002670 3002671 3002672 3002673
3002680 3002681 3002682 3002683
3002690 3002691 3002692 3002693
3002700 3002701 3002702 3002703
3002710 3002711 3002712 3002713
3002720 3002721 3002722 3002723
3002730 3002731 3002732 3002733
3002740 3002741 3002742 3002743
3002750 3002751 3002752 3002753
3002760 3002761 3002762 3002763
3002770 3002771 3002772 3002773
3002780 3002781 3002782 3002783
3002790 3002791 3002792 3002793
3002800 3002801 3002802 3002803
3002810 3002811 3002812 3002813
3002820 3002821 3002822 3002823
3002830 3002831 3002832 3002833
3002840 3002841 3002842 3002843
3002850 3002851 3002852 3002853
3002860 3002861 3002862 3002863
3002870 3002871 3002872 3002873
3002880 3002881 3002882 3002883
3002890 3002891 3002892 3002893
3002900 3002901 3002902 3002903
3002910 3002911 3002912 3002913
3002920 3002921 3002922 3002923
3002930 3002931 3002932 3002933
3002940 3002941 3002942 3002943
3002950 3002951 3002952 3002953
3002960 3002961 3002962 3002963
3002970 3002971 3002972 3002973
3002980 3002981 3002982 3002983
3002990 3002991 3002992 3002993
3003000 3003001 3003002 3003003
3003010 3003011 3003012 3003013
3003020 3003021 3003022 3003023
3003030 3003031 3003032 3003033
3003040 3003041 3003042 3003043
3003050 3003051 3003052 3003053
3003060 3003061 3003062 3003063
3003070 3003071 3003072 3003073
3003080 3003081 3003082 3003083
3003090 3003091 3003092 3003093
3003100 3003101 3003102 3003103
3003110 3003111 3003112 3003113
3003120 3003121 3003122 3003123
3003130 3003131 3003132 3003133
3003140 3003141 3003142 3003143
3003150 3003151 3003152 3003153
3003160 3003161 3003162 3003163
3003170 3003171 3003172 3003173
3003180 3003181 3003182 3003183
3003190 3003191 3003192 3003193
3003200 3003201 3003202 3003203
3003210 3003211 3003212 3003213
3003220 3003221 3003222 3003223
3003230 3003231 3003232 3003233
3003240 3003241 3003242 3003243
3003250 3003251 3003252 3003253
3003260 3003261 3003262 3003263
3003270 3003271 3003272 3003273
3003280 3003281 3003282 3003283
3003290 3003291 3003292 3003293
3003300 3003301 3003302 3003303
3003310 3003311 3003312 3003313
3003320 3003321 3003322 3003323
3003330 3003331 3003332 3003333
3003340 3003341 3003342 3003343
3003350 3003351 3003352 3003353
3003360 3003361 3003362 3003363
3003370 3003371 3003372 3003373
3003380 3003381 3003382 3003383
3003390 3003391 3003392 3003393
3003400 3003401 3003402 3003403
3003410 3003411 3003412 3003413
3003420 3003421 3003422 3003423
3003430 3003431 3003432 3003433
3003440 3003441 3003442 3003443
3003450 3003451 3003452 3003453
3003460 3003461 3003462 3003463
3003470 3003471 3003472 3003473
3003480 3003481 3003482 3003483
3003490 3003491 3003492 3003493
3003500 3003501 3003502 3003503
3003510 3003511 3003512 3003513
3003520 3003521 3003522 3003523
3003530 3003531 3003532 3003533
3003540 3003541 3003542 3003543
3003550 3003551 3003552 3003553
3003560 3003561 3003562 3003563
3003570 3003571 3003572 3003573
3003580 3003581 3003582 3003583
3003590 3003591 3003592 3003593
3003600 3003601 3003602 3003603
3003610 3003611 3003612 3003613
3003620 3003621 3003622 3003623
3003630 3003631 3003632 3003633
3003640 3003641 3003642 3003643
3003650 3003651 3003652 3003653
3003660 3003661 3003662 3003663
3003670 3003671 3003672 3003673
3003680 3003681 3003682 3003683
3003690 3003691 3003692 3003693
3003700 3003701 3003702 3003703
3003710 3003711 3003712 3003713
3003720 3003721 3003722 3003723
3003730 3003731 3003732 3003733
3003740 3003741 3003742 3003743
3003750 3003751 3003752 3003753
3003760 3003761 3003762 3003763
3003770 3003771 3003772 3003773
3003780 3003781 3003782 3003783
3003790 3003791 3003792 3003793
3003800 3003801 3003802 3003803
3003810 3003811 3003812 3003813
3003820 3003821 3003822 3003823
3003830 3003831 3003832 3003833
3003840 3003841 3003842 3003843
3003850 3003851 3003852 3003853
3003860 3003861 3003862 3003863
3003870 3003871 3003872 3003873
3003880 3003881 3003882 3003883
3003890 3003891 3003892 3003893
3003900 3003901 3003902 3003903
3003910 3003911 3003912 3003913
3003920 3003921 3003922 3003923
3003930 3003931 3003932 3003933
3003940 3003941 3003942 3003943
3003950 3003951 3003952 3003953
3003960 3003961 3003962 3003963
3003970 3003971 3003972 3003973
3003980 3003981 3003982 3003983
3003990 3003991 3003992 3003993
3004000 3004001 3004002 3004003
3004010 3004011 3004012 3004013
3004020 3004021 3004022 3004023
3004030 3004031 3004032 3004033
3004040 3004041 3004042 3004043
3004050 3004051 3004052 3004053
3004060 3004061 3004062 3004063
3004070 3004071 3004072 3004073
3004080 3004081 3004082 3004083
3004090 3004091 3004092 3004093
3004100 3004101 3004102 3004103
3004110 3004111 3004112 3004113
3004120 3004121 3004122 3004123
3004130 3004131 3004132 3004133
3004140 3004141 3004142 3004143
3004150 3004151 3004152 3004153
3004160 3004161 3004162 3004163
3004170 3004171 3004172 3004173
3004180 3004181 3004182 3004183
3004190 3004191 3004192 3004193
3004200 3004201 3004202 3004203
3004210 3004211 3004212 3004213
3004220 3004221 3004222 3004223
3004230 3004231 3004232 3004233
3004240 3004241 3004242 3004243
3004250 3004251 3004252 3004253
3004260 3004261 3004262 3004263
3004270 3004271 3004272 3004273
3004280 3004281 3004282 3004283
3004290 3004291 3004292 3004293
3004300 3004301 3004302 3004303
3004310 3004311 3004312 3004313
3004320 3004321 3004322 3004323
3004330 3004331 3004332 3004333
3004340 3004341 3004342 3004343
3004350 3004351 3004352 3004353
3004360 3004361 3004362 3004363
3004370 3004371 3004372 3004373
3004380 3004381 3004382 3004383
3004390 3004391 3004392 3004393
3004400 3004401 3004402 3004403
3004410 3004411 3004412 3004413
3004420 3004421 3004422 3004423
3004430 3004431 3004432 3004433
3004440 3004441 3004442 3004443
3004450 3004451 3004452 3004453
3004460 3004461 3004462 3004463
3004470 3004471 3004472 3004473
3004480 3004481 3004482 3004483
3004490 3004491 3004492 3004493
3004500 3004501 3004502 3004503
3004510 3004511 3004512 3004513
3004520 3004521 3004522 3004523
3004530 3004531 3004532 3004533
3004540 3004541 3004542 3004543
3004550 3004551 3004552 3004553
3004560 3004561 3004562 3004563
3004570 3004571 3004572 3004573
3004580 3004581 3004582 3004583
3004590 3004591 3004592 3004593
3004600 3004601 3004602 3004603
3004610 3004611 3004612 3004613
3004620 3004621 3004622 3004623
3004630 3004631 3004632 3004633
3004640 3004641 3004642 3004643
3004650 3004651 3004652 3004653
3004660 3004661 3004662 3004663
3004670 3004671 3004672 3004673
3004680 3004681 3004682 3004683
3004690 3004691 3004692 3004693
3004700 3004701 3004702 3004703
3004710 3004711 3004712 3004713
3004720 3004721 3004722 3004723
3004730 3004731 3004732 3004733
3004740 3004741 3004742 3004743
3004750 3004751 3004752 3004753
3004760 3004761 3004762 3004763
3004770 3004771 3004772 3004773
3004780 3004781 3004782 3004783
3004790 3004791 3004792 3004793
3004800 3004801 3004802 3004803
3004810 3004811 3004812 3004813
3004820 3004821 3004822 3004823
3004830 3004831 3004832 3004833
3004840 3004841 3004842 3004843
3004850 3004851 3004852 3004853
3004860 3004861 3004862 3004863
3004870 3004871 3004872 3004873
3004880 3004881 3004882 3004883
3004890 3004891 3004892 3004893
3004900 3004901 3004902 3004903
3004910 3004911 3004912 3004913
3004920 3004921 3004922 3004923
3004930 3004931 3004932 3004933
3004940 3004941 3004942 3004943
3004950 3004951 3004952 3004953
3004960 3004961 3004962 3004963
3004970 3004971 3004972 3004973
3004980 3004981 3004982 3004983
3004990 3004991 3004992 3004993
3005000 3005001 3005002 3005003
3005010 3005011 3005012 3005013
3005020 3005021 3005022 3005023
3005030 3005031 3005032 3005033
3005040 3005041 3005042 3005043
3005050 3005051 3005052 3005053
3005060 3005061 3005062 3005063
3005070 3005071 3005072 3005073
3005080 3005081 3005082 3005083
3005090 3005091 3005092 3005093
3005100 3005101 3005102 3005103
3005110 3005111 3005112 3005113
3005120 3005121 3005122 3005123
3005130 3005131 3005132 3005133
3005140 3005141 3005142 3005143
3005150 3005151 3005152 3005153
3005160 3005161 3005162 3005163
3005170 3005171 3005172 3005173
3005180 3005181 3005182 3005183
3005190 3005191 3005192 3005193
3005200 3005201 3005202 3005203
3005210 3005211 3005212 3005213
3005220 3005221 3005222 3005223
3005230 3005231 3005232 3005233
3005240 3005241 3005242 3005243
3005250 3005251 3005252 3005253
3005260 3005261 3005262 3005263
3005270 3005271 3005272 3005273
3005280 3005281 3005282 3005283
3005290 3005291 3005292 3005293
3005300 3005301 3005302 3005303
3005310 3005311 3005312 3005313
3005320 3005321 3005322 3005323
3005330 3005331 3005332 3005333
3005340 3005341 3005342 3005343
3005350 3005351 3005352 3005353
3005360 3005361 3005362 3005363
3005370 3005371 3005372 3005373
3005380 3005381 3005382 3005383
3005390 3005391 3005392 3005393
3005400 3005401 3005402 3005403
3005410 3005411 3005412 3005413
3005420 3005421 3005422 3005423
3005430 3005431 3005432 3005433
3005440 3005441 3005442 3005443
3005450 3005451 3005452 3005453
3005460 3005461 3005462 3005463
3005470 3005471 3005472 3005473
3005480 3005481 3005482 3005483
3005490 3005491 3005492 3005493
3005500 3005501 3005502 3005503
3005510 3005511 3005512 3005513
3005520 3005521 3005522 3005523
3005530 3005531 3005532 3005533
3005540 3005541 3005542 3005543
3005550 3005551 3005552 3005553
3005560 3005561 3005562 3005563
3005570 3005571 3005572 3005573
3005580 3005581 3005582 3005583
3005590 3005591 3005592 3005593
3005600 3005601 3005602 3005603
3005610 3005611 3005612 3005613
3005620 3005621 3005622 3005623
3005630 3005631 3005632 3005633
3005640 3005641 3005642 3005643
3005650 3005651 3005652 3005653
3005660 3005661 3005662 3005663
3005670 3005671 3005672 3005673
3005680 3005681 3005682 3005683
3005690 3005691 3005692 3005693
3005700 3005701 3005702 3005703
3005710 3005711 3005712 3005713
3005720 3005721 3005722 3005723
3005730 3005731 3005732 3005733
3005740 3005741 3005742 3005743
3005750 3005751 3005752 3005753
3005760 3005761 3005762 3005763
3005770 3005771 3005772 3005773
3005780 3005781 3005782 3005783
3005790 3005791 3005792 3005793
3005800 3005801 3005802 3005803
3005810 3005811 3005812 3005813
3005820 3005821 3005822 3005823
3005830 3005831 3005832 3005833
3005840 3005841 3005842 3005843
3005850 3005851 3005852 3005853
3005860 3005861 3005862 3005863
3005870 3005871 3005872 3005873
3005880 3005881 3005882 3005883
3005890 3005891 3005892 3005893
3005900 3005901 3005902 3005903
3005910 3005911 3005912 3005913
3005920 3005921 3005922 3005923
3005930 3005931 3005932 3005933
3005940 3005941 3005942 3005943
3005950 3005951 3005952 3005953
3005960 3005961 3005962 3005963
3005970 3005971 3005972 3005973
3005980 3005981 3005982 3005983
3005990 3005991 3005992 3005993
3006000 3006001 3006002 3006003
3006010 3006011 3006012 3006013
3006020 3006021 3006022 3006023
3006030 3006031 3006032 3006033
3006040 3006041 3006042 3006043
3006050 3006051 3006052 3006053
3006060 3006061 3006062 3006063
3006070 3006071 3006072 3006073
3006080 3006081 3006082 3006083
3006090 3006091 3006092 3006093
3006100 3006101 3006102 3006103
3006110 3006111 3006112 3006113
3006120 3006121 3006122 3006123
3006130 3006131 3006132 3006133
3006140 3006141 3006142 3006143
3006150 3006151 3006152 3006153
3006160 3006161 3006162 3006163
3006170 3006171 3006172 3006173
3006180 3006181 3006182 3006183
3006190 3006191 3006192 3006193
3006200 3006201 3006202 3006203
3006210 3006211 3006212 3006213
3006220 3006221 3006222 3006223
3006230 3006231 3006232 3006233
3006240 3006241 3006242 3006243
3006250 3006251 3006252 3006253
3006260 3006261 3006262 3006263
3006270 3006271 3006272 3006273
3006280 3006281 3006282 3006283
3006290 3006291 3006292 3006293
3006300 3006301 3006302 3006303
3006310 3006311 3006312 3006313
3006320 3006321 3006322 3006323
3006330 3006331 3006332 3006333
3006340 3006341 3006342 3006343
3006350 3006351 3006352 3006353
3006360 3006361 3006362 3006363
3006370 3006371 3006372 3006373
3006380 3006381 3006382 3006383
3006390 3006391 3006392 3006393
3006400 3006401 3006402 3006403
3006410 3006411 3006412 3006413
3006420 3006421 3006422 3006423
3006430 3006431 3006432 3006433
3006440 3006441 3006442 3006443
3006450 3006451 3006452 3006453
3006460 3006461 3006462 3006463
3006470 3006471 3006472 3006473
3006480 3006481 3006482 3006483
3006490 3006491 3006492 3006493
3006500 3006501 3006502 3006503
3006510 3006511 3006512 3006513
3006520 3006521 3006522 3006523
3006530 3006531 3006532 3006533
3006540 3006541 3006542 3006543
3006550 3006551 3006552 3006553
3006560 3006561 3006562 3006563
3006570 3006571 3006572 3006573
3006580 3006581 3006582 3006583
3006590 3006591 3006592 3006593
3006600 3006601 3006602 3006603
3006610 3006611 3006612 3006613
3006620 3006621 3006622 3006623
3006630 3006631 3006632 3006633
3006640 3006641 3006642 3006643
3006650 3006651 3006652 3006653
3006660 3006661 3006662 3006663
3006670 3006671 3006672 3006673
3006680 3006681 3006682 3006683
3006690 3006691 3006692 3006693
3006700 3006701 3006702 3006703
3006710 3006711 3006712 3006713
3006720 3006721 3006722 3006723
3006730 3006731 3006732 3006733
3006740 3006741 3006742 3006743
3006750 3006751 3006752 3006753
3006760 3006761 3006762 3006763
3006770 3006771 3006772 3006773
3006780 3006781 3006782 3006783
3006790 3006791 3006792 3006793
3006800 3006801 3006802 3006803
3006810 3006811 3006812 3006813
3006820 3006821 3006822 3006823
3006830 3006831 3006832 3006833
3006840 3006841 3006842 3006843
3006850 3006851 3006852 3006853
3006860 3006861 3006862 3006863
3006870 3006871 3006872 3006873
3006880 3006881 3006882 3006883
3006890 3006891 3006892 3006893
3006900 3006901 3006902 3006903
3006910 3006911 3006912 3006913
3006920 3006921 3006922 3006923
3006930 3006931 3006932 3006933
3006940 3006941 3006942 3006943
3006950 3006951 3006952 3006953
3006960 3006961 3006962 3006963
3006970 3006971 3006972 3006973
3006980 3006981 3006982 3006983
3006990 3006991 3006992 3006993
3007000 3007001 3007002 3007003
3007010 3007011 3007012 3007013
3007020 3007021 3007022 3007023
3007030 3007031 3007032 3007033
3007040 3007041 3007042 3007043
3007050 3007051 3007052 3007053
3007060 3007061 3007062 3007063
3007070 3007071 3007072 3007073
3007080 3007081 3007082 3007083
3007090 3007091 3007092 3007093
3007100 3007101 3007102 3007103
3007110 3007111 3007112 3007113
3007120 3007121 3007122 3007123
3007130 3007131 3007132 3007133
3007140 3007141 3007142 3007143
3007150 3007151 3007152 3007153
3007160 3007161 3007162 3007163
3007170 3007171 3007172 3007173
3007180 3007181 3007182 3007183
3007190 3007191 3007192 3007193
3007200 3007201 3007202 3007203
3007210 3007211 3007212 3007213
3007220 3007221 3007222 3007223
3007230 3007231 3007232 3007233
3007240 3007241 3007242 3007243
3007250 3007251 3007252 3007253
3007260 3007261 3007262 3007263
3007270 3007271 3007272 3007273
3007280 3007281 3007282 3007283
3007290 3007291 3007292 3007293
3007300 3007301 3007302 3007303
3007310 3007311 3007312 3007313
3007320 3007321 3007322 3007323
3007330 3007331 3007332 3007333
3007340 3007341 3007342 3007343
3007350 3007351 3007352 3007353
3007360 3007361 3007362 3007363
3007370 3007371 3007372 3007373
3007380 3007381 3007382 3007383
3007390 3007391 3007392 3007393
3007400 3007401 3007402 3007403
3007410 3007411 3007412 3007413
3007420 3007421 3007422 3007423
3007430 3007431 3007432 3007433
3007440 3007441 3007442 3007443
3007450 3007451 3007452 3007453
3007460 3007461 3007462 3007463
3007470 3007471 3007472 3007473
3007480 3007481 3007482 3007483
3007490 3007491 3007492 3007493
3007500 3007501 3007502 3007503
3007510 3007511 3007512 3007513
3007520 3007521 3007522 3007523
3007530 3007531 3007532 3007533
3007540 3007541 3007542 3007543
3007550 3007551 3007552 3007553
3007560 3007561 3007562 3007563
3007570 3007571 3007572 3007573
3007580 3007581 3007582 3007583
3007590 3007591 3007592 3007593
3007600 3007601 3007602 3007603
3007610 3007611 3007612 3007613
3007620 3007621 3007622 3007623
3007630 3007631 3007632 3007633
3007640 3007641 3007642 3007643
3007650 3007651 3007652 3007653
3007660 3007661 3007662 3007663
3007670 3007671 3007672 3007673
3007680 3007681 3007682 3007683
3007690 3007691 3007692 3007693
3007700 3007701 3007702 3007703
3007710 3007711 3007712 3007713
3007720 3007721 3007722 3007723
3007730 3007731 3007732 3007733
3007740 3007741 3007742 3007743
3007750 3007751 3007752 3007753
3007760 3007761 3007762 3007763
3007770 3007771 3007772 3007773
3007780 3007781 3007782 3007783
3007790 3007791 3007792 3007793
3007800 3007801 3007802 3007803
3007810 3007811 3007812 3007813
3007820 3007821 3007822 3007823
3007830 3007831 3007832 3007833
3007840 3007841 3007842 3007843
3007850 3007851 3007852 3007853
3007860 3007861 3007862 3007863
3007870 3007871 3007872 3007873
3007880 3007881 3007882 3007883
3007890 3007891 3007892 3007893
3007900 3007901 3007902 3007903
3007910 3007911 3007912 3007913
3007920 3007921 3007922 3007923
3007930 3007931 3007932 3007933
3007940 3007941 3007942 3007943
3007950 3007951 3007952 3007953
3007960 3007961 3007962 3007963
3007970 3007971 3007972 3007973
3007980 3007981 3007982 3007983
3007990 3007991 3007992 3007993
3008000 3008001 3008002 3008003
3008010 3008011 3008012 3008013
3008020 3008021 3008022 3008023
3008030 3008031 3008032 3008033
3008040 3008041 3008042 3008043
3008050 3008051 3008052 3008053
3008060 3008061 3008062 3008063
3008070 3008071 3008072 3008073
3008080 3008081 3008082 3008083
3008090 3008091 3008092 3008093
3008100 3008101 3008102 3008103
3008110 3008111 3008112 3008113
3008120 3008121 3008122 3008123
3008130 3008131 3008132 3008133
3008140 3008141 3008142 3008143
3008150 3008151 3008152 3008153
3008160 3008161 3008162 3008163
3008170 3008171 3008172 3008173
3008180 3008181 3008182 3008183
3008190 3008191 3008192 3008193
3008200 3008201 3008202 3008203
3008210 3008211 3008212 3008213
3008220 3008221 3008222 3008223
3008230 3008231 3008232 3008233
3008240 3008241 3008242 3008243
3008250 3008251 3008252 3008253
3008260 3008261 3008262 3008263
3008270 3008271 3008272 3008273
3008280 3008281 3008282 3008283
3008290 3008291 3008292 3008293
3008300 3008301 3008302 3008303
3008310 3008311 3008312 3008313
3008320 3008321 3008322 3008323
3008330 3008331 3008332 3008333
3008340 3008341 3008342 3008343
3008350 3008351 3008352 3008353
3008360 3008361 3008362 3008363
3008370 3008371 3008372 3008373
3008380 3008381 3008382 3008383
3008390 3008391 3008392 3008393
3008400 3008401 3008402 3008403
3008410 3008411 3008412 3008413
3008420 3008421 3008422 3008423
3008430 3008431 3008432 3008433
3008440 3008441 3008442 3008443
3008450 3008451 3008452 3008453
3008460 3008461 3008462 3008463
3008470 3008471 3008472 3008473
3008480 3008481 3008482 3008483
3008490 3008491 3008492 3008493
3008500 3008501 3008502 3008503
3008510 3008511 3008512 3008513
3008520 3008521 3008522 3008523
3008530 3008531 3008532 3008533
3008540 3008541 3008542 3008543
3008550 3008551 3008552 3008553
3008560 3008561 3008562 3008563
3008570 3008571 3008572 3008573
3008580 3008581 3008582 3008583
3008590 3008591 3008592 3008593
3008600 3008601 3008602 3008603
3008610 3008611 3008612 3008613
3008620 3008621 3008622 3008623
3008630 3008631 3008632 3008633
3008640 3008641 3008642 3008643
3008650 3008651 3008652 3008653
3008660 3008661 3008662 3008663
3008670 3008671 3008672 3008673
3008680 3008681 3008682 3008683
3008690 3008691 3008692 3008693
3008700 3008701 3008702 3008703
3008710 3008711 3008712 3008713
3008720 3008721 3008722 3008723
3008730 3008731 3008732 3008733
3008740 3008741 3008742 3008743
3008750 3008751 3008752 3008753
3008760 3008761 3008762 3008763
3008770 3008771 3008772 3008773
3008780 3008781 3008782 3008783
3008790 3008791 3008792 3008793
3008800 3008801 3008802 3008803
3008810 3008811 3008812 3008813
3008820 3008821 3008822 3008823
3008830 3008831 3008832 3008833
3008840 3008841 3008842 3008843
3008850 3008851 3008852 3008853
3008860 3008861 3008862 3008863
3008870 3008871 3008872 3008873
3008880 3008881 3008882 3008883
3008890 3008891 3008892 3008893
3008900 3008901 3008902 3008903
3008910 3008911 3008912 3008913
3008920 3008921 3008922 3008923
3008930 3008931 3008932 3008933
3008940 3008941 3008942 3008943
3008950 3008951 3008952 3008953
3008960 3008961 3008962 3008963
3008970 3008971 3008972 3008973
3008980 3008981 3008982 3008983
3008990 3008991 3008992 3008993
3009000 3009001 3009002 3009003
3009010 3009011 3009012 3009013
3009020 3009021 3009022 3009023
3009030 3009031 3009032 3009033
3009040 3009041 3009042 3009043
3009050 3009051 3009052 3009053
3009060 3009061 3009062 3009063
3009070 3009071 3009072 3009073
3009080 3009081 3009082 3009083
3009090 3009091 3009092 3009093
3009100 3009101 3009102 3009103
3009110 3009111 3009112 3009113
3009120 3009121 3009122 3009123
3009130 3009131 3009132 3009133
3009140 3009141 3009142 3009143
3009150 3009151 3009152 3009153
3009160 3009161 3009162 3009163
3009170 3009171 3009172 3009173
3009180 3009181 3009182 3009183
3009190 3009191 3009192 3009193
3009200 3009201 3009202 3009203
3009210 3009211 3009212 3009213
3009220 3009221 3009222 3009223
3009230 3009231 3009232 3009233
3009240 3009241 3009242 3009243
3009250 3009251 3009252 3009253
3009260 3009261 3009262 3009263
3009270 3009271 3009272 3009273
3009280 3009281 3009282 3009283
3009290 3009291 3009292 3009293
3009300 3009301 3009302 3009303
3009310 3009311 3009312 3009313
3009320 3009321 3009322 3009323
3009330 3009331 3009332 3009333
3009340 3009341 3009342 3009343
3009350 3009351 3009352 3009353
3009360 3009361 3009362 3009363
3009370 3009371 3009372 3009373
3009380 3009381 3009382 3009383
3009390 3009391 3009392 3009393
3009400 3009401 3009402 3009403
3009410 3009411 3009412 3009413
3009420 3009421 3009422 3009423
3009430 3009431 3009432 3009433
3009440 3009441 3009442 3009443
3009450 3009451 3009452 3009453
3009460 3009461 3009462 3009463
3009470 3009471 3009472 3009473
3009480 3009481 3009482 3009483
3009490 3009491 3009492 3009493
3009500 3009501 3009502 3009503
3009510 3009511 3009512 3009513
3009520 3009521 3009522 3009523
3009530 3009531 3009532 3009533
3009540 3009541 3009542 3009543
3009550 3009551 3009552 3009553
3009560 3009561 3009562 3009563
3009570 3009571 3009572 3009573
3009580 3009581 3009582 3009583
3009590 3009591 3009592 3009593
3009600 3009601 3009602 3009603
3009610 3009611 3009612 3009613
3009620 3009621 3009622 3009623
3009630 3009631 3009632 3009633
3009640 3009641 3009642 3009643
3009650 3009651 3009652 3009653
3009660 3009661 3009662 3009663
3009670 3009671 3009672 3009673
3009680 3009681 3009682 3009683
3009690 3009691 3009692 3009693
3009700 3009701 3009702 3009703
3009710 3009711 3009712 3009713
3009720 3009721 3009722 3009723
3009730 3009731 3009732 3009733
3009740 3009741 3009742 3009743
3009750 3009751 3009752 3009753
3009760 3009761 3009762 3009763
3009770 3009771 3009772 3009773
3009780 3009781 3009782 3009783
3009790 3009791 3009792 3009793
3009800 3009801 3009802 3009803
3009810 3009811 3009812 3009813
3009820 3009821 3009822 3009823
3009830 3009831 3009832 3009833
3009840 3009841 3009842 3009843
3009850 3009851 3009852 3009853
3009860 3009861 3009862 3009863
3009870 3009871 3009872 3009873
3009880 3009881 3009882 3009883
3009890 3009891 3009892 3009893
3009900 3009901 3009902 3009903
3009910 3009911 3009912 3009913
3009920 3009921 3009922 3009923
3009930 3009931 3009932 3009933
3009940 3009941 3009942 3009943
3009950 3009951 3009952 3009953
3009960 3009961 3009962 3009963
3009970 3009971 3009972 3009973
3009980 3009981 3009982 3009983
3009990 3009991 3009992 3009993
3010000 3010001 3010002 3010003
3010010 3010011 3010012 3010013
3010020 3010021 3010022 3010023
3010030 3010031 3010032 3010033
3010040 3010041 3010042 3010043
3010050 3010051 3010052 3010053
3010060 3010061 3010062 3010063
3010070 3010071 3010072 3010073
3010080 3010081 3010082 3010083
3010090 3010091 3010092 3010093
3010100 3010101 3010102 3010103
3010110 3010111 3010112 3010113
3010120 3010121 3010122 3010123
3010130 3010131 3010132 3010133
3010140 3010141 3010142 3010143
3010150 3010151 3010152 3010153
3010160 3010161 3010162 3010163
3010170 3010171 3010172 3010173
3010180 3010181 3010182 3010183
3010190 3010191 3010192 3010193
3010200 3010201 3010202 3010203
3010210 3010211 3010212 3010213
3010220 3010221 3010222 3010223
3010230 3010231 3010232 3010233
