1000000 1000001 1000002 1000003
1000010 1000011 1000012 1000013
1000020 1000021 1000022 1000023
1000030 1000031 1000032 1000033
1000040 1000041 1000042 1000043
1000050 1000051 1000052 1000053
1000060 1000061 1000062 1000063
1000070 1000071 1000072 1000073
1000080 1000081 1000082 1000083
1000090 1000091 1000092 1000093
1000100 1000101 1000102 1000103
1000110 1000111 1000112 1000113
1000120 1000121 1000122 1000123
1000130 1000131 1000132 1000133
1000140 1000141 1000142 1000143
1000150 1000151 1000152 1000153
1000160 1000161 1000162 1000163
1000170 1000171 1000172 1000173
1000180 1000181 1000182 1000183
1000190 1000191 1000192 1000193
1000200 1000201 1000202 1000203
1000210 1000211 1000212 1000213
1000220 1000221 1000222 1000223
1000230 1000231 1000232 1000233
1000240 1000241 1000242 1000243
1000250 1000251 1000252 1000253
1000260 1000261 1000262 1000263
1000270 1000271 1000272 1000273
1000280 1000281 1000282 1000283
1000290 1000291 1000292 1000293
1000300 1000301 1000302 1000303
1000310 1000311 1000312 1000313
1000320 1000321 1000322 1000323
1000330 1000331 1000332 1000333
1000340 1000341 1000342 1000343
1000350 1000351 1000352 1000353
1000360 1000361 1000362 1000363
1000370 1000371 1000372 1000373
1000380 1000381 1000382 1000383
1000390 1000391 1000392 1000393
1000400 1000401 1000402 1000403
1000410 1000411 1000412 1000413
1000420 1000421 1000422 1000423
1000430 1000431 1000432 1000433
1000440 1000441 1000442 1000443
1000450 1000451 1000452 1000453
1000460 1000461 1000462 1000463
1000470 1000471 1000472 1000473
1000480 1000481 1000482 1000483
1000490 1000491 1000492 1000493
1000500 1000501 1000502 1000503
1000510 1000511 1000512 1000513
1000520 1000521 1000522 1000523
1000530 1000531 1000532 1000533
1000540 1000541 1000542 1000543
1000550 1000551 1000552 1000553
1000560 1000561 1000562 1000563
1000570 1000571 1000572 1000573
1000580 1000581 1000582 1000583
1000590 1000591 1000592 1000593
1000600 1000601 1000602 1000603
1000610 1000611 1000612 1000613
1000620 1000621 1000622 1000623
1000630 1000631 1000632 1000633
1000640 1000641 1000642 1000643
1000650 1000651 1000652 1000653
1000660 1000661 1000662 1000663
1000670 1000671 1000672 1000673
1000680 1000681 1000682 1000683
1000690 1000691 1000692 1000693
1000700 1000701 1000702 1000703
1000710 1000711 1000712 1000713
1000720 1000721 1000722 1000723
1000730 1000731 1000732 1000733
1000740 1000741 1000742 1000743
1000750 1000751 1000752 1000753
1000760 1000761 1000762 1000763
1000770 1000771 1000772 1000773
1000780 1000781 1000782 1000783
1000790 1000791 1000792 1000793
1000800 1000801 1000802 1000803
1000810 1000811 1000812 1000813
1000820 1000821 1000822 1000823
1000830 1000831 1000832 1000833
1000840 1000841 1000842 1000843
1000850 1000851 1000852 1000853
1000860 1000861 1000862 1000863
1000870 1000871 1000872 1000873
1000880 1000881 1000882 1000883
1000890 1000891 1000892 1000893
1000900 1000901 1000902 1000903
1000910 1000911 1000912 1000913
1000920 1000921 1000922 1000923
1000930 1000931 1000932 1000933
1000940 1000941 1000942 1000943
1000950 1000951 1000952 1000953
1000960 1000961 1000962 1000963
1000970 1000971 1000972 1000973
1000980 1000981 1000982 1000983
1000990 1000991 1000992 1000993
1001000 1001001 1001002 1001003
1001010 1001011 1001012 1001013
1001020 1001021 1001022 1001023
1001030 1001031 1001032 1001033
1001040 1001041 1001042 1001043
1001050 1001051 1001052 1001053
1001060 1001061 1001062 1001063
1001070 1001071 1001072 1001073
1001080 1001081 1001082 1001083
1001090 1001091 1001092 1001093
1001100 1001101 1001102 1001103
1001110 1001111 1001112 1001113
1001120 1001121 1001122 1001123
1001130 1001131 1001132 1001133
1001140 1001141 1001142 1001143
1001150 1001151 1001152 1001153
1001160 1001161 1001162 1001163
1001170 1001171 1001172 1001173
1001180 1001181 1001182 1001183
1001190 1001191 1001192 1001193
1001200 1001201 1001202 1001203
1001210 1001211 1001212 1001213
1001220 1001221 1001222 1001223
1001230 1001231 1001232 1001233
1001240 1001241 1001242 1001243
1001250 1001251 1001252 1001253
1001260 1001261 1001262 1001263
1001270 1001271 1001272 1001273
1001280 1001281 1001282 1001283
1001290 1001291 1001292 1001293
1001300 1001301 1001302 1001303
1001310 1001311 1001312 1001313
1001320 1001321 1001322 1001323
1001330 1001331 1001332 1001333
1001340 1001341 1001342 1001343
1001350 1001351 1001352 1001353
1001360 1001361 1001362 1001363
1001370 1001371 1001372 1001373
1001380 1001381 1001382 1001383
1001390 1001391 1001392 1001393
1001400 1001401 1001402 1001403
1001410 1001411 1001412 1001413
1001420 1001421 1001422 1001423
1001430 1001431 1001432 1001433
1001440 1001441 1001442 1001443
1001450 1001451 1001452 1001453
1001460 1001461 1001462 1001463
1001470 1001471 1001472 1001473
1001480 1001481 1001482 1001483
1001490 1001491 1001492 1001493
1001500 1001501 1001502 1001503
1001510 1001511 1001512 1001513
1001520 1001521 1001522 1001523
1001530 1001531 1001532 1001533
1001540 1001541 1001542 1001543
1001550 1001551 1001552 1001553
1001560 1001561 1001562 1001563
1001570 1001571 1001572 1001573
1001580 1001581 1001582 1001583
1001590 1001591 1001592 1001593
1001600 1001601 1001602 1001603
1001610 1001611 1001612 1001613
1001620 1001621 1001622 1001623
1001630 1001631 1001632 1001633
1001640 1001641 1001642 1001643
1001650 1001651 1001652 1001653
1001660 1001661 1001662 1001663
1001670 1001671 1001672 1001673
1001680 1001681 1001682 1001683
1001690 1001691 1001692 1001693
1001700 1001701 1001702 1001703
1001710 1001711 1001712 1001713
1001720 1001721 1001722 1001723
1001730 1001731 1001732 1001733
1001740 1001741 1001742 1001743
1001750 1001751 1001752 1001753
1001760 1001761 1001762 1001763
1001770 1001771 1001772 1001773
1001780 1001781 1001782 1001783
1001790 1001791 1001792 1001793
1001800 1001801 1001802 1001803
1001810 1001811 1001812 1001813
1001820 1001821 1001822 1001823
1001830 1001831 1001832 1001833
1001840 1001841 1001842 1001843
1001850 1001851 1001852 1001853
1001860 1001861 1001862 1001863
1001870 1001871 1001872 1001873
1001880 1001881 1001882 1001883
1001890 1001891 1001892 1001893
1001900 1001901 1001902 1001903
1001910 1001911 1001912 1001913
1001920 1001921 1001922 1001923
1001930 1001931 1001932 1001933
1001940 1001941 1001942 1001943
1001950 1001951 1001952 1001953
1001960 1001961 1001962 1001963
1001970 1001971 1001972 1001973
1001980 1001981 1001982 1001983
1001990 1001991 1001992 1001993
1002000 1002001 1002002 1002003
1002010 1002011 1002012 1002013
1002020 1002021 1002022 1002023
1002030 1002031 1002032 1002033
1002040 1002041 1002042 1002043
1002050 1002051 1002052 1002053
1002060 1002061 1002062 1002063
1002070 1002071 1002072 1002073
1002080 1002081 1002082 1002083
1002090 1002091 1002092 1002093
1002100 1002101 1002102 1002103
1002110 1002111 1002112 1002113
1002120 1002121 1002122 1002123
1002130 1002131 1002132 1002133
1002140 1002141 1002142 1002143
1002150 1002151 1002152 1002153
1002160 1002161 1002162 1002163
1002170 1002171 1002172 1002173
1002180 1002181 1002182 1002183
1002190 1002191 1002192 1002193
1002200 1002201 1002202 1002203
1002210 1002211 1002212 1002213
1002220 1002221 1002222 1002223
1002230 1002231 1002232 1002233
1002240 1002241 1002242 1002243
1002250 1002251 1002252 1002253
1002260 1002261 1002262 1002263
1002270 1002271 1002272 1002273
1002280 1002281 1002282 1002283
1002290 1002291 1002292 1002293
1002300 1002301 1002302 1002303
1002310 1002311 1002312 1002313
1002320 1002321 1002322 1002323
1002330 1002331 1002332 1002333
1002340 1002341 1002342 1002343
1002350 1002351 1002352 1002353
1002360 1002361 1002362 1002363
1002370 1002371 1002372 1002373
1002380 1002381 1002382 1002383
1002390 1002391 1002392 1002393
1002400 1002401 1002402 1002403
1002410 1002411 1002412 1002413
1002420 1002421 1002422 1002423
1002430 1002431 1002432 1002433
1002440 1002441 1002442 1002443
1002450 1002451 1002452 1002453
1002460 1002461 1002462 1002463
1002470 1002471 1002472 1002473
1002480 1002481 1002482 1002483
1002490 1002491 1002492 1002493
1002500 1002501 1002502 1002503
1002510 1002511 1002512 1002513
1002520 1002521 1002522 1002523
1002530 1002531 1002532 1002533
1002540 1002541 1002542 1002543
1002550 1002551 1002552 1002553
1002560 1002561 1002562 1002563
1002570 1002571 1002572 1002573
1002580 1002581 1002582 1002583
1002590 1002591 1002592 1002593
1002600 1002601 1002602 1002603
1002610 1002611 1002612 1002613
1002620 1002621 1002622 1002623
1002630 1002631 1002632 1002633
1002640 1002641 1002642 1002643
1002650 1002651 1002652 1002653
1002660 1002661 1002662 1002663
1002670 1002671 1002672 1002673
1002680 1002681 1002682 1002683
1002690 1002691 1002692 1002693
1002700 1002701 1002702 1002703
1002710 1002711 1002712 1002713
1002720 1002721 1002722 1002723
1002730 1002731 1002732 1002733
1002740 1002741 1002742 1002743
1002750 1002751 1002752 1002753
1002760 1002761 1002762 1002763
1002770 1002771 1002772 1002773
1002780 1002781 1002782 1002783
1002790 1002791 1002792 1002793
1002800 1002801 1002802 1002803
1002810 1002811 1002812 1002813
1002820 1002821 1002822 1002823
1002830 1002831 1002832 1002833
1002840 1002841 1002842 1002843
1002850 1002851 1002852 1002853
1002860 1002861 1002862 1002863
1002870 1002871 1002872 1002873
1002880 1002881 1002882 1002883
1002890 1002891 1002892 1002893
1002900 1002901 1002902 1002903
1002910 1002911 1002912 1002913
1002920 1002921 1002922 1002923
1002930 1002931 1002932 1002933
1002940 1002941 1002942 1002943
1002950 1002951 1002952 1002953
1002960 1002961 1002962 1002963
1002970 1002971 1002972 1002973
1002980 1002981 1002982 1002983
1002990 1002991 1002992 1002993
1003000 1003001 1003002 1003003
1003010 1003011 1003012 1003013
1003020 1003021 1003022 1003023
1003030 1003031 1003032 1003033
1003040 1003041 1003042 1003043
1003050 1003051 1003052 1003053
1003060 1003061 1003062 1003063
1003070 1003071 1003072 1003073
1003080 1003081 1003082 1003083
1003090 1003091 1003092 1003093
1003100 1003101 1003102 1003103
1003110 1003111 1003112 1003113
1003120 1003121 1003122 1003123
1003130 1003131 1003132 1003133
1003140 1003141 1003142 1003143
1003150 1003151 1003152 1003153
1003160 1003161 1003162 1003163
1003170 1003171 1003172 1003173
1003180 1003181 1003182 1003183
1003190 1003191 1003192 1003193
1003200 1003201 1003202 1003203
1003210 1003211 1003212 1003213
1003220 1003221 1003222 1003223
1003230 1003231 1003232 1003233
1003240 1003241 1003242 1003243
1003250 1003251 1003252 1003253
1003260 1003261 1003262 1003263
1003270 1003271 1003272 1003273
1003280 1003281 1003282 1003283
1003290 1003291 1003292 1003293
1003300 1003301 1003302 1003303
1003310 1003311 1003312 1003313
1003320 1003321 1003322 1003323
1003330 1003331 1003332 1003333
1003340 1003341 1003342 1003343
1003350 1003351 1003352 1003353
1003360 1003361 1003362 1003363
1003370 1003371 1003372 1003373
1003380 1003381 1003382 1003383
1003390 1003391 1003392 1003393
1003400 1003401 1003402 1003403
1003410 1003411 1003412 1003413
1003420 1003421 1003422 1003423
1003430 1003431 1003432 1003433
1003440 1003441 1003442 1003443
1003450 1003451 1003452 1003453
1003460 1003461 1003462 1003463
1003470 1003471 1003472 1003473
1003480 1003481 1003482 1003483
1003490 1003491 1003492 1003493
1003500 1003501 1003502 1003503
1003510 1003511 1003512 1003513
1003520 1003521 1003522 1003523
1003530 1003531 1003532 1003533
1003540 1003541 1003542 1003543
1003550 1003551 1003552 1003553
1003560 1003561 1003562 1003563
1003570 1003571 1003572 1003573
1003580 1003581 1003582 1003583
1003590 1003591 1003592 1003593
1003600 1003601 1003602 1003603
1003610 1003611 1003612 1003613
1003620 1003621 1003622 1003623
1003630 1003631 1003632 1003633
1003640 1003641 1003642 1003643
1003650 1003651 1003652 1003653
1003660 1003661 1003662 1003663
1003670 1003671 1003672 1003673
1003680 1003681 1003682 1003683
1003690 1003691 1003692 1003693
1003700 1003701 1003702 1003703
1003710 1003711 1003712 1003713
1003720 1003721 1003722 1003723
1003730 1003731 1003732 1003733
1003740 1003741 1003742 1003743
1003750 1003751 1003752 1003753
1003760 1003761 1003762 1003763
1003770 1003771 1003772 1003773
1003780 1003781 1003782 1003783
1003790 1003791 1003792 1003793
1003800 1003801 1003802 1003803
1003810 1003811 1003812 1003813
1003820 1003821 1003822 1003823
1003830 1003831 1003832 1003833
1003840 1003841 1003842 1003843
1003850 1003851 1003852 1003853
1003860 1003861 1003862 1003863
1003870 1003871 1003872 1003873
1003880 1003881 1003882 1003883
1003890 1003891 1003892 1003893
1003900 1003901 1003902 1003903
1003910 1003911 1003912 1003913
1003920 1003921 1003922 1003923
1003930 1003931 1003932 1003933
1003940 1003941 1003942 1003943
1003950 1003951 1003952 1003953
1003960 1003961 1003962 1003963
1003970 1003971 1003972 1003973
1003980 1003981 1003982 1003983
1003990 1003991 1003992 1003993
1004000 1004001 1004002 1004003
1004010 1004011 1004012 1004013
1004020 1004021 1004022 1004023
1004030 1004031 1004032 1004033
1004040 1004041 1004042 1004043
1004050 1004051 1004052 1004053
1004060 1004061 1004062 1004063
1004070 1004071 1004072 1004073
1004080 1004081 1004082 1004083
1004090 1004091 1004092 1004093
1004100 1004101 1004102 1004103
1004110 1004111 1004112 1004113
1004120 1004121 1004122 1004123
1004130 1004131 1004132 1004133
1004140 1004141 1004142 1004143
1004150 1004151 1004152 1004153
1004160 1004161 1004162 1004163
1004170 1004171 1004172 1004173
1004180 1004181 1004182 1004183
1004190 1004191 1004192 1004193
1004200 1004201 1004202 1004203
1004210 1004211 1004212 1004213
1004220 1004221 1004222 1004223
1004230 1004231 1004232 1004233
1004240 1004241 1004242 1004243
1004250 1004251 1004252 1004253
1004260 1004261 1004262 1004263
1004270 1004271 1004272 1004273
1004280 1004281 1004282 1004283
1004290 1004291 1004292 1004293
1004300 1004301 1004302 1004303
1004310 1004311 1004312 1004313
1004320 1004321 1004322 1004323
1004330 1004331 1004332 1004333
1004340 1004341 1004342 1004343
1004350 1004351 1004352 1004353
1004360 1004361 1004362 1004363
1004370 1004371 1004372 1004373
1004380 1004381 1004382 1004383
1004390 1004391 1004392 1004393
1004400 1004401 1004402 1004403
1004410 1004411 1004412 1004413
1004420 1004421 1004422 1004423
1004430 1004431 1004432 1004433
1004440 1004441 1004442 1004443
1004450 1004451 1004452 1004453
1004460 1004461 1004462 1004463
1004470 1004471 1004472 1004473
1004480 1004481 1004482 1004483
1004490 1004491 1004492 1004493
1004500 1004501 1004502 1004503
1004510 1004511 1004512 1004513
1004520 1004521 1004522 1004523
1004530 1004531 1004532 1004533
1004540 1004541 1004542 1004543
1004550 1004551 1004552 1004553
1004560 1004561 1004562 1004563
1004570 1004571 1004572 1004573
1004580 1004581 1004582 1004583
1004590 1004591 1004592 1004593
1004600 1004601 1004602 1004603
1004610 1004611 1004612 1004613
1004620 1004621 1004622 1004623
1004630 1004631 1004632 1004633
1004640 1004641 1004642 1004643
1004650 1004651 1004652 1004653
1004660 1004661 1004662 1004663
1004670 1004671 1004672 1004673
1004680 1004681 1004682 1004683
1004690 1004691 1004692 1004693
1004700 1004701 1004702 1004703
1004710 1004711 1004712 1004713
1004720 1004721 1004722 1004723
1004730 1004731 1004732 1004733
1004740 1004741 1004742 1004743
1004750 1004751 1004752 1004753
1004760 1004761 1004762 1004763
1004770 1004771 1004772 1004773
1004780 1004781 1004782 1004783
1004790 1004791 1004792 1004793
1004800 1004801 1004802 1004803
1004810 1004811 1004812 1004813
1004820 1004821 1004822 1004823
1004830 1004831 1004832 1004833
1004840 1004841 1004842 1004843
1004850 1004851 1004852 1004853
1004860 1004861 1004862 1004863
1004870 1004871 1004872 1004873
1004880 1004881 1004882 1004883
1004890 1004891 1004892 1004893
1004900 1004901 1004902 1004903
1004910 1004911 1004912 1004913
1004920 1004921 1004922 1004923
1004930 1004931 1004932 1004933
1004940 1004941 1004942 1004943
1004950 1004951 1004952 1004953
1004960 1004961 1004962 1004963
1004970 1004971 1004972 1004973
1004980 1004981 1004982 1004983
1004990 1004991 1004992 1004993
1005000 1005001 1005002 1005003
1005010 1005011 1005012 1005013
1005020 1005021 1005022 1005023
1005030 1005031 1005032 1005033
1005040 1005041 1005042 1005043
1005050 1005051 1005052 1005053
1005060 1005061 1005062 1005063
1005070 1005071 1005072 1005073
1005080 1005081 1005082 1005083
1005090 1005091 1005092 1005093
1005100 1005101 1005102 1005103
1005110 1005111 1005112 1005113
1005120 1005121 1005122 1005123
1005130 1005131 1005132 1005133
1005140 1005141 1005142 1005143
1005150 1005151 1005152 1005153
1005160 1005161 1005162 1005163
1005170 1005171 1005172 1005173
1005180 1005181 1005182 1005183
1005190 1005191 1005192 1005193
1005200 1005201 1005202 1005203
1005210 1005211 1005212 1005213
1005220 1005221 1005222 1005223
1005230 1005231 1005232 1005233
1005240 1005241 1005242 1005243
1005250 1005251 1005252 1005253
1005260 1005261 1005262 1005263
1005270 1005271 1005272 1005273
1005280 1005281 1005282 1005283
1005290 1005291 1005292 1005293
1005300 1005301 1005302 1005303
1005310 1005311 1005312 1005313
1005320 1005321 1005322 1005323
1005330 1005331 1005332 1005333
1005340 1005341 1005342 1005343
1005350 1005351 1005352 1005353
1005360 1005361 1005362 1005363
1005370 1005371 1005372 1005373
1005380 1005381 1005382 1005383
1005390 1005391 1005392 1005393
1005400 1005401 1005402 1005403
1005410 1005411 1005412 1005413
1005420 1005421 1005422 1005423
1005430 1005431 1005432 1005433
1005440 1005441 1005442 1005443
1005450 1005451 1005452 1005453
1005460 1005461 1005462 1005463
1005470 1005471 1005472 1005473
1005480 1005481 1005482 1005483
1005490 1005491 1005492 1005493
1005500 1005501 1005502 1005503
1005510 1005511 1005512 1005513
1005520 1005521 1005522 1005523
1005530 1005531 1005532 1005533
1005540 1005541 1005542 1005543
1005550 1005551 1005552 1005553
1005560 1005561 1005562 1005563
1005570 1005571 1005572 1005573
1005580 1005581 1005582 1005583
1005590 1005591 1005592 1005593
1005600 1005601 1005602 1005603
1005610 1005611 1005612 1005613
1005620 1005621 1005622 1005623
1005630 1005631 1005632 1005633
1005640 1005641 1005642 1005643
1005650 1005651 1005652 1005653
1005660 1005661 1005662 1005663
1005670 1005671 1005672 1005673
1005680 1005681 1005682 1005683
1005690 1005691 1005692 1005693
1005700 1005701 1005702 1005703
1005710 1005711 1005712 1005713
1005720 1005721 1005722 1005723
1005730 1005731 1005732 1005733
1005740 1005741 1005742 1005743
1005750 1005751 1005752 1005753
1005760 1005761 1005762 1005763
1005770 1005771 1005772 1005773
1005780 1005781 1005782 1005783
1005790 1005791 1005792 1005793
1005800 1005801 1005802 1005803
1005810 1005811 1005812 1005813
1005820 1005821 1005822 1005823
1005830 1005831 1005832 1005833
1005840 1005841 1005842 1005843
1005850 1005851 1005852 1005853
1005860 1005861 1005862 1005863
1005870 1005871 1005872 1005873
1005880 1005881 1005882 1005883
1005890 1005891 1005892 1005893
1005900 1005901 1005902 1005903
1005910 1005911 1005912 1005913
1005920 1005921 1005922 1005923
1005930 1005931 1005932 1005933
1005940 1005941 1005942 1005943
1005950 1005951 1005952 1005953
1005960 1005961 1005962 1005963
1005970 1005971 1005972 1005973
1005980 1005981 1005982 1005983
1005990 1005991 1005992 1005993
1006000 1006001 1006002 1006003
1006010 1006011 1006012 1006013
1006020 1006021 1006022 1006023
1006030 1006031 1006032 1006033
1006040 1006041 1006042 1006043
1006050 1006051 1006052 1006053
1006060 1006061 1006062 1006063
1006070 1006071 1006072 1006073
1006080 1006081 1006082 1006083
1006090 1006091 1006092 1006093
1006100 1006101 1006102 1006103
1006110 1006111 1006112 1006113
1006120 1006121 1006122 1006123
1006130 1006131 1006132 1006133
1006140 1006141 1006142 1006143
1006150 1006151 1006152 1006153
1006160 1006161 1006162 1006163
1006170 1006171 1006172 1006173
1006180 1006181 1006182 1006183
1006190 1006191 1006192 1006193
1006200 1006201 1006202 1006203
1006210 1006211 1006212 1006213
1006220 1006221 1006222 1006223
1006230 1006231 1006232 1006233
1006240 1006241 1006242 1006243
1006250 1006251 1006252 1006253
1006260 1006261 1006262 1006263
1006270 1006271 1006272 1006273
1006280 1006281 1006282 1006283
1006290 1006291 1006292 1006293
1006300 1006301 1006302 1006303
1006310 1006311 1006312 1006313
1006320 1006321 1006322 1006323
1006330 1006331 1006332 1006333
1006340 1006341 1006342 1006343
1006350 1006351 1006352 1006353
1006360 1006361 1006362 1006363
1006370 1006371 1006372 1006373
1006380 1006381 1006382 1006383
1006390 1006391 1006392 1006393
1006400 1006401 1006402 1006403
1006410 1006411 1006412 1006413
1006420 1006421 1006422 1006423
1006430 1006431 1006432 1006433
1006440 1006441 1006442 1006443
1006450 1006451 1006452 1006453
1006460 1006461 1006462 1006463
1006470 1006471 1006472 1006473
1006480 1006481 1006482 1006483
1006490 1006491 1006492 1006493
1006500 1006501 1006502 1006503
1006510 1006511 1006512 1006513
1006520 1006521 1006522 1006523
1006530 1006531 1006532 1006533
1006540 1006541 1006542 1006543
1006550 1006551 1006552 1006553
1006560 1006561 1006562 1006563
1006570 1006571 1006572 1006573
1006580 1006581 1006582 1006583
1006590 1006591 1006592 1006593
1006600 1006601 1006602 1006603
1006610 1006611 1006612 1006613
1006620 1006621 1006622 1006623
1006630 1006631 1006632 1006633
1006640 1006641 1006642 1006643
1006650 1006651 1006652 1006653
1006660 1006661 1006662 1006663
1006670 1006671 1006672 1006673
1006680 1006681 1006682 1006683
1006690 1006691 1006692 1006693
1006700 1006701 1006702 1006703
1006710 1006711 1006712 1006713
1006720 1006721 1006722 1006723
1006730 1006731 1006732 1006733
1006740 1006741 1006742 1006743
1006750 1006751 1006752 1006753
1006760 1006761 1006762 1006763
1006770 1006771 1006772 1006773
1006780 1006781 1006782 1006783
1006790 1006791 1006792 1006793
1006800 1006801 1006802 1006803
1006810 1006811 1006812 1006813
1006820 1006821 1006822 1006823
1006830 1006831 1006832 1006833
1006840 1006841 1006842 1006843
1006850 1006851 1006852 1006853
1006860 1006861 1006862 1006863
1006870 1006871 1006872 1006873
1006880 1006881 1006882 1006883
1006890 1006891 1006892 1006893
1006900 1006901 1006902 1006903
1006910 1006911 1006912 1006913
1006920 1006921 1006922 1006923
1006930 1006931 1006932 1006933
1006940 1006941 1006942 1006943
1006950 1006951 1006952 1006953
1006960 1006961 1006962 1006963
1006970 1006971 1006972 1006973
1006980 1006981 1006982 1006983
1006990 1006991 1006992 1006993
1007000 1007001 1007002 1007003
1007010 1007011 1007012 1007013
1007020 1007021 1007022 1007023
1007030 1007031 1007032 1007033
1007040 1007041 1007042 1007043
1007050 1007051 1007052 1007053
1007060 1007061 1007062 1007063
1007070 1007071 1007072 1007073
1007080 1007081 1007082 1007083
1007090 1007091 1007092 1007093
1007100 1007101 1007102 1007103
1007110 1007111 1007112 1007113
1007120 1007121 1007122 1007123
1007130 1007131 1007132 1007133
1007140 1007141 1007142 1007143
1007150 1007151 1007152 1007153
1007160 1007161 1007162 1007163
1007170 1007171 1007172 1007173
1007180 1007181 1007182 1007183
1007190 1007191 1007192 1007193
1007200 1007201 1007202 1007203
1007210 1007211 1007212 1007213
1007220 1007221 1007222 1007223
1007230 1007231 1007232 1007233
1007240 1007241 1007242 1007243
1007250 1007251 1007252 1007253
1007260 1007261 1007262 1007263
1007270 1007271 1007272 1007273
1007280 1007281 1007282 1007283
1007290 1007291 1007292 1007293
1007300 1007301 1007302 1007303
1007310 1007311 1007312 1007313
1007320 1007321 1007322 1007323
1007330 1007331 1007332 1007333
1007340 1007341 1007342 1007343
1007350 1007351 1007352 1007353
1007360 1007361 1007362 1007363
1007370 1007371 1007372 1007373
1007380 1007381 1007382 1007383
1007390 1007391 1007392 1007393
1007400 1007401 1007402 1007403
1007410 1007411 1007412 1007413
1007420 1007421 1007422 1007423
1007430 1007431 1007432 1007433
1007440 1007441 1007442 1007443
1007450 1007451 1007452 1007453
1007460 1007461 1007462 1007463
1007470 1007471 1007472 1007473
1007480 1007481 1007482 1007483
1007490 1007491 1007492 1007493
1007500 1007501 1007502 1007503
1007510 1007511 1007512 1007513
1007520 1007521 1007522 1007523
1007530 1007531 1007532 1007533
1007540 1007541 1007542 1007543
1007550 1007551 1007552 1007553
1007560 1007561 1007562 1007563
1007570 1007571 1007572 1007573
1007580 1007581 1007582 1007583
1007590 1007591 1007592 1007593
1007600 1007601 1007602 1007603
1007610 1007611 1007612 1007613
1007620 1007621 1007622 1007623
1007630 1007631 1007632 1007633
1007640 1007641 1007642 1007643
1007650 1007651 1007652 1007653
1007660 1007661 1007662 1007663
1007670 1007671 1007672 1007673
1007680 1007681 1007682 1007683
1007690 1007691 1007692 1007693
1007700 1007701 1007702 1007703
1007710 1007711 1007712 1007713
1007720 1007721 1007722 1007723
1007730 1007731 1007732 1007733
1007740 1007741 1007742 1007743
1007750 1007751 1007752 1007753
1007760 1007761 1007762 1007763
1007770 1007771 1007772 1007773
1007780 1007781 1007782 1007783
1007790 1007791 1007792 1007793
1007800 1007801 1007802 1007803
1007810 1007811 1007812 1007813
1007820 1007821 1007822 1007823
1007830 1007831 1007832 1007833
1007840 1007841 1007842 1007843
1007850 1007851 1007852 1007853
1007860 1007861 1007862 1007863
1007870 1007871 1007872 1007873
1007880 1007881 1007882 1007883
1007890 1007891 1007892 1007893
1007900 1007901 1007902 1007903
1007910 1007911 1007912 1007913
1007920 1007921 1007922 1007923
1007930 1007931 1007932 1007933
1007940 1007941 1007942 1007943
1007950 1007951 1007952 1007953
1007960 1007961 1007962 1007963
1007970 1007971 1007972 1007973
1007980 1007981 1007982 1007983
1007990 1007991 1007992 1007993
1008000 1008001 1008002 1008003
1008010 1008011 1008012 1008013
1008020 1008021 1008022 1008023
1008030 1008031 1008032 1008033
1008040 1008041 1008042 1008043
1008050 1008051 1008052 1008053
1008060 1008061 1008062 1008063
1008070 1008071 1008072 1008073
1008080 1008081 1008082 1008083
1008090 1008091 1008092 1008093
1008100 1008101 1008102 1008103
1008110 1008111 1008112 1008113
1008120 1008121 1008122 1008123
1008130 1008131 1008132 1008133
1008140 1008141 1008142 1008143
1008150 1008151 1008152 1008153
1008160 1008161 1008162 1008163
1008170 1008171 1008172 1008173
1008180 1008181 1008182 1008183
1008190 1008191 1008192 1008193
1008200 1008201 1008202 1008203
1008210 1008211 1008212 1008213
1008220 1008221 1008222 1008223
1008230 1008231 1008232 1008233
1008240 1008241 1008242 1008243
1008250 1008251 1008252 1008253
1008260 1008261 1008262 1008263
1008270 1008271 1008272 1008273
1008280 1008281 1008282 1008283
1008290 1008291 1008292 1008293
1008300 1008301 1008302 1008303
1008310 1008311 1008312 1008313
1008320 1008321 1008322 1008323
1008330 1008331 1008332 1008333
1008340 1008341 1008342 1008343
1008350 1008351 1008352 1008353
1008360 1008361 1008362 1008363
1008370 1008371 1008372 1008373
1008380 1008381 1008382 1008383
1008390 1008391 1008392 1008393
1008400 1008401 1008402 1008403
1008410 1008411 1008412 1008413
1008420 1008421 1008422 1008423
1008430 1008431 1008432 1008433
1008440 1008441 1008442 1008443
1008450 1008451 1008452 1008453
1008460 1008461 1008462 1008463
1008470 1008471 1008472 1008473
1008480 1008481 1008482 1008483
1008490 1008491 1008492 1008493
1008500 1008501 1008502 1008503
1008510 1008511 1008512 1008513
1008520 1008521 1008522 1008523
1008530 1008531 1008532 1008533
1008540 1008541 1008542 1008543
1008550 1008551 1008552 1008553
1008560 1008561 1008562 1008563
1008570 1008571 1008572 1008573
1008580 1008581 1008582 1008583
1008590 1008591 1008592 1008593
1008600 1008601 1008602 1008603
1008610 1008611 1008612 1008613
1008620 1008621 1008622 1008623
1008630 1008631 1008632 1008633
1008640 1008641 1008642 1008643
1008650 1008651 1008652 1008653
1008660 1008661 1008662 1008663
1008670 1008671 1008672 1008673
1008680 1008681 1008682 1008683
1008690 1008691 1008692 1008693
1008700 1008701 1008702 1008703
1008710 1008711 1008712 1008713
1008720 1008721 1008722 1008723
1008730 1008731 1008732 1008733
1008740 1008741 1008742 1008743
1008750 1008751 1008752 1008753
1008760 1008761 1008762 1008763
1008770 1008771 1008772 1008773
1008780 1008781 1008782 1008783
1008790 1008791 1008792 1008793
1008800 1008801 1008802 1008803
1008810 1008811 1008812 1008813
1008820 1008821 1008822 1008823
1008830 1008831 1008832 1008833
1008840 1008841 1008842 1008843
1008850 1008851 1008852 1008853
1008860 1008861 1008862 1008863
1008870 1008871 1008872 1008873
1008880 1008881 1008882 1008883
1008890 1008891 1008892 1008893
1008900 1008901 1008902 1008903
1008910 1008911 1008912 1008913
1008920 1008921 1008922 1008923
1008930 1008931 1008932 1008933
1008940 1008941 1008942 1008943
1008950 1008951 1008952 1008953
1008960 1008961 1008962 1008963
1008970 1008971 1008972 1008973
1008980 1008981 1008982 1008983
1008990 1008991 1008992 1008993
1009000 1009001 1009002 1009003
1009010 1009011 1009012 1009013
1009020 1009021 1009022 1009023
1009030 1009031 1009032 1009033
1009040 1009041 1009042 1009043
1009050 1009051 1009052 1009053
1009060 1009061 1009062 1009063
1009070 1009071 1009072 1009073
1009080 1009081 1009082 1009083
1009090 1009091 1009092 1009093
1009100 1009101 1009102 1009103
1009110 1009111 1009112 1009113
1009120 1009121 1009122 1009123
1009130 1009131 1009132 1009133
1009140 1009141 1009142 1009143
1009150 1009151 1009152 1009153
1009160 1009161 1009162 1009163
1009170 1009171 1009172 1009173
1009180 1009181 1009182 1009183
1009190 1009191 1009192 1009193
1009200 1009201 1009202 1009203
1009210 1009211 1009212 1009213
1009220 1009221 1009222 1009223
1009230 1009231 1009232 1009233
1009240 1009241 1009242 1009243
1009250 1009251 1009252 1009253
1009260 1009261 1009262 1009263
1009270 1009271 1009272 1009273
1009280 1009281 1009282 1009283
1009290 1009291 1009292 1009293
1009300 1009301 1009302 1009303
1009310 1009311 1009312 1009313
1009320 1009321 1009322 1009323
1009330 1009331 1009332 1009333
1009340 1009341 1009342 1009343
1009350 1009351 1009352 1009353
1009360 1009361 1009362 1009363
1009370 1009371 1009372 1009373
1009380 1009381 1009382 1009383
1009390 1009391 1009392 1009393
1009400 1009401 1009402 1009403
1009410 1009411 1009412 1009413
1009420 1009421 1009422 1009423
1009430 1009431 1009432 1009433
1009440 1009441 1009442 1009443
1009450 1009451 1009452 1009453
1009460 1009461 1009462 1009463
1009470 1009471 1009472 1009473
1009480 1009481 1009482 1009483
1009490 1009491 1009492 1009493
1009500 1009501 1009502 1009503
1009510 1009511 1009512 1009513
1009520 1009521 1009522 1009523
1009530 1009531 1009532 1009533
1009540 1009541 1009542 1009543
1009550 1009551 1009552 1009553
1009560 1009561 1009562 1009563
1009570 1009571 1009572 1009573
1009580 1009581 1009582 1009583
1009590 1009591 1009592 1009593
1009600 1009601 1009602 1009603
1009610 1009611 1009612 1009613
1009620 1009621 1009622 1009623
1009630 1009631 1009632 1009633
1009640 1009641 1009642 1009643
1009650 1009651 1009652 1009653
1009660 1009661 1009662 1009663
1009670 1009671 1009672 1009673
1009680 1009681 1009682 1009683
1009690 1009691 1009692 1009693
1009700 1009701 1009702 1009703
1009710 1009711 1009712 1009713
1009720 1009721 1009722 1009723
1009730 1009731 1009732 1009733
1009740 1009741 1009742 1009743
1009750 1009751 1009752 1009753
1009760 1009761 1009762 1009763
1009770 1009771 1009772 1009773
1009780 1009781 1009782 1009783
1009790 1009791 1009792 1009793
1009800 1009801 1009802 1009803
1009810 1009811 1009812 1009813
1009820 1009821 1009822 1009823
1009830 1009831 1009832 1009833
1009840 1009841 1009842 1009843
1009850 1009851 1009852 1009853
1009860 1009861 1009862 1009863
1009870 1009871 1009872 1009873
1009880 1009881 1009882 1009883
1009890 1009891 1009892 1009893
1009900 1009901 1009902 1009903
1009910 1009911 1009912 1009913
1009920 1009921 1009922 1009923
1009930 1009931 1009932 1009933
1009940 1009941 1009942 1009943
1009950 1009951 1009952 1009953
1009960 1009961 1009962 1009963
1009970 1009971 1009972 1009973
1009980 1009981 1009982 1009983
1009990 1009991 1009992 1009993
1010000 1010001 1010002 1010003
1010010 1010011 1010012 1010013
1010020 1010021 1010022 1010023
1010030 1010031 1010032 1010033
1010040 1010041 1010042 1010043
1010050 1010051 1010052 1010053
1010060 1010061 1010062 1010063
1010070 1010071 1010072 1010073
1010080 1010081 1010082 1010083
1010090 1010091 1010092 1010093
1010100 1010101 1010102 1010103
1010110 1010111 1010112 1010113
1010120 1010121 1010122 1010123
1010130 1010131 1010132 1010133
1010140 1010141 1010142 1010143
1010150 1010151 1010152 1010153
1010160 1010161 1010162 1010163
1010170 1010171 1010172 1010173
1010180 1010181 1010182 1010183
1010190 1010191 1010192 1010193
1010200 1010201 1010202 1010203
1010210 1010211 1010212 1010213
1010220 1010221 1010222 1010223
1010230 1010231 1010232 1010233
