349
808
968
955
312
538
580
652
550
921
866
872
541
513
584
901
871
834
463
701
461
312
411
474
435
318
372
426
697
395
359
634
472
380
119
390
844
938
939
812
950
652
377
717
277
501
984
779
826
1096
659
862
850
961
832
853
916
797
686
557
554
810
931
881
382
311
554
744
557
733
767
912
652
351
366
161
140
368
602
810
644
467
188
380
404
350
248
149
346
898
1166
890
990
844
627
568
631
956
767
723
568
670
394
406
137
138
393
459
902
846
978
895
920
685
420
439
609
767
631
627
211
462
247
224
608
366
434
594
509
435
306
287
303
345
866
917
383
716
639
121
720
904
556
663
509
470
552
461
852
350
655
645
590
236
595
543
774
765
650
498
973
551
467
518
533
550
411
397
279
621
786
780
191
331
472
567
392
469
653
524
307
407
321
554
774
701
532
818
564
618
464
629
575
437
279
295
605
344
473
688
511
907
1118
946
838
857
764
353
526
771
804
437
546
857
776
977
802
724
1014
1177
771
1085
821
469
280
339
497
486
437
695
920
969
474
473
817
776
780
309
496
557
714
585
634
453
312
672
861
771
1027
954
676
736
813
748
671
690
730
620
837
834
955
736
585
647
459
943
389
322
686
270
201
762
689
1044
882
887
733
875
634
617
637
678
848
806
1012
639
177
443
450
368
198
726
896
805
721
1117
626
961
966
987
700
839
735
345
210
411
600
512
663
554
544
485
559
416
400
883
975
1085
709
576
382
288
176
368
488
415
853
809
342
392
397
771
328
307
226
237
532
528
620
417
621
535
904
803
838
353
564
699
976
798
835
767
870
622
426
434
567
854
1005
855
789
903
703
221
644
398
455
456
707
762
769
674
573
280
674
787
915
798
750
478
416
536
557
485
536
645
852
812
468
478
309
291
401
465
780
407
526
515
671
744
755
851
842
1008
805
585
665
706
980
980
797
671
598
963
915
470
527
618
813
589
330
652
624
723
467
572
347
558
641
1068
1040
948
432
427
769
940
595
579
450
676
476
319
681
477
415
411
636
653
612
427
817
991
1068
796
818
461
775
959
719
532
447
438
563
824
991
870
693
817
902
802
725
1050
943
1139
1168
1079
976
987
977
946
517
849
935
1081
947
824
842
978
789
384
678
395
414
907
750
926
640
679
769
1071
750
322
765
545
482
622
199
700
1112
931
635
58
186
301
269
799
828
472
625
662
854
501
527
424
610
521
673
367
520
897
940
857
681
615
784
615
843
760
856
595
682
614
778
647
346
355
491
816
859
749
381
790
772
787
381
392
327
120
399
728
611
863
882
837
828
982
823
423
196
367
541
528
481
592
624
711
822
897
721
880
852
949
575
987
911
955
633
570
924
1093
995
915
847
1013
918
734
1012
779
681
773
800
609
658
741
684
590
459
345
338
610
727
750
891
1035
1043
764
768
292
921
915
1196
1094
906
753
842
857
827
531
580
652
889
863
872
508
969
738
642
553
423
771
1037
704
522
824
523
459
442
513
585
472
483
551
699
592
314
224
583
790
607
721
959
953
902
577
911
511
651
1054
987
840
809
568
498
586
465
823
844
771
736
1174
731
271
535
62
212
840
788
888
1008
879
926
1120
912
977
911
976
1162
921
1177
809
829
898
912
448
775
713
383
440
919
925
867
723
738
802
686
702
578
700
664
1003
927
660
631
768
762
778
419
558
314
318
724
292
779
1210
799
612
555
893
1137
964
1045
1065
1186
953
347
838
559
613
839
786
807
666
651
647
666
626
598
789
883
928
674
856
781
972
870
943
976
445
499
636
710
869
725
743
424
370
537
619
625
743
988
1029
1083
1127
1001
927
539
719
492
631
968
943
949
646
637
524
807
758
806
720
863
995
834
734
200
265
323
372
390
303
784
801
771
862
861
877
700
803
883
578
459
479
794
1058
958
973
696
951
805
475
455
465
452
558
405
904
478
869
812
1162
1242
966
878
528
814
627
650
701
678
453
900
912
1147
1164
758
765
902
1113
941
612
489
581
886
633
490
447
590
571
729
494
373
561
59
601
740
979
1122
999
1071
874
627
615
421
621
391
603
691
820
687
588
446
778
701
702
322
946
536
1032
1243
955
427
554
424
846
857
887
610
885
557
328
721
346
399
523
563
500
466
588
583
320
558
749
537
563
825
946
810
226
893
694
902
727
900
685
409
208
735
784
794
536
923
577
417
185
179
555
625
836
723
461
433
681
798
833
854
680
905
663
537
947
978
707
359
211
854
331
644
617
669
1047
1037
1005
495
614
823
782
479
639
692
496
484
566
721
778
737
885
594
497
453
644
595
436
340
213
198
400
403
379
452
431
526
400
857
832
998
692
258
435
615
498
851
940
809
737
402
448
236
364
496
566
739
640
730
565
389
583
784
817
710
468
738
513
415
472
546
605
424
293
375
434
944
1183
1046
869
795
757
729
431
504
483
253
371
756
768
613
218
610
935
616
418
379
411
473
676
513
685
831
666
480
488
440
509
906
544
676
813
915
1082
932
882
263
305
495
711
685
661
379
282
289
429
656
432
363
788
252
628
624
731
630
687
589
479
396
726
1149
1322
1063
590
679
374
139
487
810
823
531
347
768
863
752
470
507
491
668
841
893
693
362
458
988
1249
1217
988
616
603
523
480
480
256
504
629
646
448
408
973
932
943
191
711
399
887
887
820
453
649
526
736
887
804
1031
940
948
278
570
298
375
468
735
762
354
828
939
746
738
498
165
421
900
1071
1024
753
417
748
801
801
817
1006
812
910
517
364
630
697
446
673
574
607
586
965
846
953
910
804
766
743
690
802
553
372
554
707
995
737
586
616
595
874
824
1112
928
728
645
537
278
499
787
816
762
540
719
539
608
504
735
753
761
572
446
828
462
583
585
988
1147
765
782
905
1256
930
648
610
593
675
1111
769
771
750
927
1150
1164
949
541
626
543
590
601
619
390
350
552
824
851
740
332
335
843
826
780
349
797
805
928
624
314
525
702
550
526
214
428
943
1008
687
982
998
700
506
399
709
867
1003
851
622
733
780
833
446
286
748
952
629
736
649
699
815
763
795
457
742
981
801
543
724
401
768
848
1039
867
709
825
809
923
942
1061
818
1061
853
804
501
486
864
246
564
950
924
1129
871
1124
922
806
575
346
470
381
249
408
560
806
648
906
760
814
682
697
415
753
653
350
872
986
771
516
439
639
574
839
829
807
406
504
307
686
751
882
632
573
601
701
536
453
391
640
593
558
422
284
129
529
343
690
620
770
855
903
883
623
360
598
864
776
1034
864
850
538
599
661
778
640
376
239
753
842
913
632
668
472
805
753
1133
932
723
692
678
352
833
782
928
581
654
634
420
520
884
740
685
717
742
901
852
634
387
399
487
346
190
200
325
567
345
162
153
777
834
591
648
791
758
581
590
930
969
807
701
510
514
565
350
326
230
600
622
411
399
482
400
863
1042
1027
787
543
411
398
516
532
600
648
848
896
1019
767
803
739
893
675
730
883
1031
833
811
923
1029
714
603
900
1146
915
268
520
339
519
695
573
605
527
481
440
520
725
605
378
207
343
309
358
524
523
606
386
841
668
935
969
1071
892
513
710
791
670
578
655
595
577
253
740
389
892
951
1009
615
410
830
867
598
791
760
304
628
1025
1142
1169
1066
852
989
824
501
536
547
650
526
369
852
387
702
997
739
428
655
822
873
377
393
915
955
994
578
644
419
618
812
852
647
280
446
676
576
579
263
353
262
175
397
317
660
593
715
520
949
426
437
629
448
436
834
401
438
533
403
470
802
577
547
826
613
738
626
849
904
683
779
590
420
479
354
398
927
945
694
632
649
520
811
763
292
760
980
912
669
835
952
883
834
865
876
751
815
706
445
830
308
128
343
355
347
704
477
550
528
987
949
494
876
931
483
534
644
612
700
561
563
403
716
671
718
403
295
415
339
509
518
535
686
891
957
767
416
517
1096
490
68
206
692
985
855
806
816
728
787
693
1015
610
479
700
623
834
828
925
766
528
943
1211
984
1179
1036
757
766
676
908
759
816
862
1141
1105
741
1061
876
296
444
569
487
628
867
822
980
1002
797
1084
792
504
769
918
652
550
645
819
776
549
434
807
1211
1124
1098
812
800
906
1139
1123
1153
724
457
260
519
496
527
388
500
502
399
707
529
783
594
783
539
441
648
895
1046
639
446
890
597
487
326
860
955
520
545
290
552
850
828
603
608
992
957
932
508
353
401
514
581
427
818
861
1004
991
784
804
429
349
377
862
844
1062
752
526
502
549
442
1048
1105
628
565
451
823
461
761
964
793
448
419
606
785
638
729
508
768
553
613
985
611
587
534
875
786
597
753
783
374
644
842
608
812
807
725
747
907
848
895
844
948
1020
768
578
262
228
877
284
518
723
758
922
950
801
418
235
419
936
1293
919
561
792
793
968
839
1058
779
575
340
714
687
1114
1001
582
544
716
678
863
865
829
861
835
1027
833
613
771
610
642
402
537
690
797
625
823
987
828
469
929
469
734
847
869
660
462
877
905
676
612
688
641
703
851
973
836
781
677
1051
983
882
811
1098
925
1220
976
794
882
815
423
701
843
673
758
745
578
880
732
562
474
870
796
1077
1002
1098
728
840
908
920
563
713
611
517
151
698
726
675
326
363
783
372
585
902
1012
865
294
406
590
908
479
286
512
326
535
581
600
421
799
677
766
413
669
561
234
317
707
658
933
1067
1037
1110
1124
971
957
533
866
313
689
805
688
185
344
865
1010
655
573
416
853
589
604
620
451
456
803
436
788
843
929
910
1018
900
903
795
966
1042
1029
895
394
894
510
460
758
504
919
853
954
540
575
262
955
929
926
859
925
874
792
824
772
603
873
626
181
605
454
687
701
556
368
458
690
650
772
710
697
879
308
405
712
692
721
1026
571
487
356
745
888
709
925
815
330
1011
1114
827
749
677
524
904
1143
995
1203
945
667
910
854
195
690
1155
1305
960
174
255
919
955
349
465
625
1039
616
727
723
1022
817
511
790
1135
992
897
667
577
682
857
905
973
645
780
301
356
638
676
644
750
496
541
604
321
416
672
560
661
946
585
675
687
644
410
427
645
878
890
1111
867
703
477
745
662
1095
985
691
451
338
271
553
586
526
773
786
541
456
639
559
574
272
473
894
1015
569
654
434
221
550
634
612
767
743
376
627
806
887
680
496
593
758
942
808
713
257
153
741
1000
700
930
933
705
831
534
280
302
197
519
464
579
445
624
737
768
584
611
1104
674
684
1009
884
681
361
674
1008
928
893
489
475
277
297
786
348
848
921
950
596
520
456
640
633
598
838
849
794
608
769
684
328
365
337
387
636
299
277
273
405
420
759
534
519
409
704
710
498
249
770
875
1199
946
457
287
333
221
623
763
509
641
472
251
298
229
445
731
832
466
521
528
842
563
429
820
446
808
944
1153
1013
497
501
653
1074
808
828
760
649
671
825
843
563
584
379
366
328
427
457
679
337
335
340
329
502
542
496
680
708
744
608
1034
521
355
312
351
371
556
881
1125
1161
955
837
862
654
325
564
546
517
168
301
671
848
630
733
879
1028
831
405
643
1061
1052
1036
704
1045
798
1005
834
851
238
588
103
263
824
249
206
487
750
982
916
844
731
772
673
943
849
850
234
667
355
305
567
296
882
877
891
864
988
805
220
361
548
593
500
513
652
547
548
619
626
609
590
603
577
425
572
482
427
767
797
761
391
760
760
833
804
1100
932
959
831
953
880
768
568
703
655
806
733
878
960
620
361
405
1024
1067
845
548
299
79
77
513
582
570
530
475
469
449
811
708
559
786
182
187
526
380
527
831
514
400
397
576
992
919
918
660
875
802
790
696
726
874
727
909
576
388
321
350
520
726
724
174
210
685
823
694
394
1009
570
550
517
386
467
707
699
668
390
455
689
836
670
603
655
769
581
639
595
602
481
830
836
794
394
523
803
655
754
705
592
199
615
148
46
332
926
1095
796
645
632
584
771
519
396
459
602
536
441
793
785
784
615
964
689
450
316
553
1019
962
1135
1037
817
909
674
869
540
541
877
617
558
547
724
608
502
82
189
521
275
798
823
849
363
198
613
722
400
650
541
506
387
367
496
374
785
896
948
662
179
447
1074
1019
1196
696
800
884
965
798
521
308
457
461
481
353
156
305
553
405
510
730
568
405
286
568
581
354
386
608
627
705
499
408
602
713
792
408
338
593
552
629
881
914
861
696
387
287
834
310
828
798
1165
870
524
658
668
653
281
226
985
445
428
288
43
453
604
857
785
578
749
793
571
726
773
885
823
769
580
396
519
1004
861
880
1033
798
642
435
273
591
745
675
352
74
496
501
222
343
873
923
895
404
258
883
970
436
507
471
752
827
914
888
651
753
945
662
843
890
1173
1113
757
798
369
471
795
778
696
326
357
312
712
951
898
688
296
392
841
845
311
598
847
685
895
616
285
531
684
569
842
737
487
333
437
720
438
514
563
617
444
512
673
702
387
649
693
685
965
1066
591
705
701
580
929
851
439
695
683
939
480
976
1022
1040
669
690
723
636
479
548
649
557
622
739
639
776
589
568
492
460
400
371
769
776
1215
1011
421
745
727
376
505
663
539
870
931
901
944
857
788
592
498
635
397
250
453
677
686
871
600
672
433
502
879
814
830
629
733
672
809
809
804
441
581
749
702
353
439
572
492
1024
1017
658
482
460
598
730
657
560
530
1012
922
937
347
708
395
521
606
385
463
464
612
729
721
636
379
379
782
784
339
384
197
492
386
812
1148
969
995
887
1089
882
647
930
843
887
696
718
520
623
636
842
519
598
573
436
739
823
991
782
454
776
841
892
563
479
381
482
500
637
662
692
612
705
748
618
587
333
698
405
420
520
383
339
517
101
717
1062
761
589
721
532
894
894
897
195
228
375
987
1056
930
465
688
521
314
404
730
754
329
545
743
722
913
949
705
815
755
711
1007
863
622
370
706
820
934
697
890
182
419
599
506
474
589
582
795
1051
646
633
813
633
841
877
856
357
619
411
666
786
670
523
484
613
574
516
521
885
965
999
589
541
420
474
578
245
697
752
746
368
354
837
991
901
703
807
860
839
614
439
764
645
477
183
226
507
275
389
322
438
342
522
349
577
937
1078
1317
1110
988
576
406
653
604
712
504
681
754
1015
1018
612
760
510
637
585
615
758
648
810
551
687
856
900
751
174
924
239
510
682
617
865
768
938
596
920
260
304
771
988
1231
823
1143
881
761
752
797
952
487
848
839
1163
882
561
403
750
979
701
467
451
825
929
611
624
190
858
308
446
663
494
588
842
541
775
1083
1104
879
643
411
312
345
470
727
644
1008
903
792
858
1020
661
975
892
787
543
166
840
344
855
785
839
461
390
376
524
980
632
530
700
589
696
556
724
526
843
498
991
1160
985
701
642
914
1055
912
920
743
655
885
731
675
385
365
666
244
644
627
683
424
542
909
886
928
192
513
617
539
910
1140
1254
1089
653
660
237
696
756
841
928
414
203
455
394
486
350
705
760
502
479
760
866
742
912
916
1046
816
658
711
337
178
200
364
344
754
867
883
854
826
570
558
333
526
495
743
585
763
568
326
288
150
770
405
658
579
917
1205
1027
1131
730
407
425
385
859
375
485
593
606
629
532
823
1010
802
1189
1165
1041
985
988
747
759
498
454
457
87
609
364
439
627
560
779
895
995
895
974
1051
1104
541
905
1030
809
753
676
680
741
468
321
551
531
299
357
714
886
779
783
708
1052
1046
685
766
398
174
271
574
526
716
540
331
851
874
551
616
550
351
188
404
805
826
820
384
667
596
730
765
865
712
533
615
561
817
621
223
167
647
809
1086
1152
832
755
308
473
298
627
775
820
541
471
476
628
630
823
785
389
342
745
748
883
716
776
679
1014
1201
939
634
859
780
538
265
235
422
923
736
689
758
326
383
602
448
636
627
767
695
748
834
706
907
364
587
700
558
388
400
583
497
473
172
606
847
598
598
746
583
329
335
854
992
831
1146
1085
594
631
500
932
536
497
788
350
403
930
598
555
749
466
883
959
851
791
864
891
635
546
631
890
712
729
548
668
805
816
684
552
305
336
742
1116
1141
1272
1185
853
798
409
307
651
905
851
717
454
930
611
1001
1099
914
579
809
615
410
353
665
807
683
590
260
631
552
730
580
924
973
648
669
697
758
679
945
989
950
420
557
682
644
835
193
435
1021
457
854
873
842
746
851
939
834
615
618
598
737
1136
1105
558
686
496
470
561
641
439
530
439
396
657
910
677
868
640
637
854
1109
959
1088
765
365
175
204
588
403
693
841
836
851
839
974
1027
833
742
614
756
824
771
723
668
722
534
744
915
761
1087
822
274
441
680
600
577
97
478
331
645
573
761
844
705
1018
825
702
468
880
1013
1186
1083
655
863
605
463
251
684
697
886
622
677
230
849
844
863
649
778
621
511
510
561
447
393
416
552
925
759
612
563
411
451
667
486
812
875
1096
923
704
761
699
456
580
777
948
879
949
916
953
651
547
202
885
944
934
362
234
277
531
810
760
992
1039
909
741
946
1027
924
550
400
620
765
830
728
743
448
541
578
665
528
598
495
847
813
897
839
768
1042
979
1010
615
226
225
362
810
990
1082
913
889
509
597
742
743
487
358
562
847
896
667
313
459
318
167
667
248
498
501
447
293
404
294
495
631
511
841
950
917
526
490
753
927
828
659
655
922
772
452
240
110
622
1083
940
876
550
791
1077
1033
919
470
718
817
769
491
705
938
820
744
497
803
532
372
696
343
436
745
880
966
526
693
481
431
141
171
381
780
1145
990
950
951
879
996
656
525
525
712
687
784
774
647
1120
1014
391
673
589
784
393
842
811
804
332
746
412
337
761
665
665
531
740
763
559
490
561
536
886
1249
1019
974
403
622
746
952
1001
835
937
1118
1059
701
418
242
739
841
770
542
832
968
911
419
692
758
906
620
624
478
440
586
857
615
734
980
864
680
631
707
782
574
658
377
270
664
747
502
616
561
440
505
542
910
820
754
584
911
1000
669
678
582
690
272
520
680
613
373
628
515
892
749
746
520
1034
666
890
884
1156
871
754
826
1035
905
893
732
725
454
314
384
383
456
807
398
539
890
928
1017
825
659
448
476
866
1096
884
939
665
568
814
702
515
484
603
417
402
375
397
632
633
507
404
664
964
1145
967
461
328
295
162
941
1118
689
635
291
892
300
657
659
797
632
443
612
629
800
518
288
294
158
364
922
483
562
591
597
638
1036
502
604
702
728
743
932
669
413
421
614
910
850
1118
855
606
254
363
362
603
824
783
923
921
810
991
1009
1045
676
423
645
630
625
899
767
1060
1045
977
501
210
167
164
431
729
822
570
432
809
1044
906
493
384
415
698
911
733
953
848
897
745
772
776
514
773
498
351
252
718
778
500
413
665
844
613
240
250
645
998
796
904
881
781
771
549
883
823
861
715
983
780
557
144
340
436
759
706
265
799
796
436
369
351
387
247
382
665
908
860
234
529
886
850
845
599
519
1043
988
457
801
883
748
721
597
134
687
708
705
641
612
124
511
998
1060
871
378
555
605
724
591
604
656
716
870
792
845
477
151
697
135
659
730
864
606
858
582
925
922
761
200
473
426
587
477
509
393
343
325
567
562
718
491
292
462
674
665
537
300
319
795
984
733
682
527
515
545
601
559
771
575
284
223
248
499
591
715
883
483
844
1257
861
696
784
749
496
447
792
1071
921
945
666
464
976
1184
824
812
700
768
915
1007
1038
901
587
606
779
839
849
742
722
657
577
729
745
710
500
430
715
609
947
248
712
780
701
604
657
761
658
470
1006
1136
759
1147
996
826
428
466
506
571
547
430
835
989
684
938
862
647
985
1055
755
678
448
658
1058
1023
747
478
745
710
751
378
636
338
678
810
746
783
792
681
617
643
609
676
663
691
409
385
435
498
759
864
982
644
1137
1007
472
781
829
664
474
336
696
733
827
518
829
1031
952
821
880
1133
1181
1083
715
825
823
908
780
562
695
723
610
665
457
463
263
453
452
550
524
813
660
764
620
519
502
563
656
547
328
690
767
898
582
583
360
354
365
844
855
944
458
692
766
1222
1125
1046
675
1022
822
636
559
643
833
742
728
603
815
542
595
433
797
755
383
558
438
895
60
159
593
198
436
437
434
212
638
435
669
767
911
899
523
735
654
508
838
776
747
434
503
475
676
770
592
583
632
951
731
748
841
612
188
366
850
1070
909
757
504
620
441
550
1019
619
493
730
603
638
747
696
752
573
1028
1288
1224
910
501
508
562
603
748
912
919
781
545
650
662
720
638
587
736
691
888
610
377
274
337
831
779
1153
1219
999
932
633
997
629
581
777
651
686
874
520
309
364
642
736
673
476
105
568
364
864
837
902
971
1013
1034
615
298
723
694
716
429
757
788
868
605
189
840
918
426
433
687
662
782
422
825
515
527
448
389
437
559
842
