494
1030
1277
440
42
621
536
751
564
1175
344
374
667
285
487
1177
363
65
652
746
19
441
378
504
353
279
389
460
872
317
397
803
537
0
168
551
1059
799
802
822
1063
419
330
958
212
675
1216
871
778
1341
513
1106
471
790
871
834
958
593
768
518
588
984
1177
408
355
164
766
721
182
1021
368
789
476
139
204
101
170
510
682
920
605
265
26
468
328
370
124
170
459
1259
1064
671
909
774
433
215
866
1038
654
786
169
529
173
547
88
175
527
626
1111
443
824
962
876
117
583
213
634
881
145
96
283
590
206
241
825
457
410
733
591
173
397
368
221
436
1205
480
251
892
145
93
1008
787
0
510
508
428
593
272
1174
414
828
381
97
319
779
698
843
679
367
601
1238
496
436
588
614
477
332
295
263
838
1080
220
156
413
525
606
177
639
668
376
217
533
399
674
862
727
198
1140
773
407
515
791
190
588
345
234
824
426
515
825
508
1178
1055
635
1000
683
408
288
685
1052
431
443
640
1030
379
921
661
782
1272
1074
192
1096
382
542
103
468
524
504
357
916
1252
558
372
370
1094
91
145
412
568
671
754
343
486
418
141
854
867
661
1164
682
671
788
838
646
446
868
558
120
1177
72
661
803
199
438
480
1245
270
366
899
110
263
1045
939
1140
508
523
894
855
62
870
236
404
1129
150
880
207
140
592
234
465
153
1016
757
515
880
1312
99
1355
166
335
932
733
460
163
248
558
640
340
687
377
670
573
545
221
150
1240
603
905
432
691
324
246
43
459
517
279
1090
347
337
432
360
1030
294
320
0
98
746
30
460
369
798
661
1094
305
455
204
772
967
985
550
651
868
873
147
585
188
549
1076
928
553
968
833
224
218
885
519
381
519
925
554
936
776
234
319
924
620
1136
944
484
471
335
681
396
84
753
515
941
658
70
153
410
40
391
528
969
230
708
175
633
840
659
862
822
1164
789
252
907
966
994
966
533
784
317
1113
659
81
347
802
824
224
410
826
781
661
16
466
154
774
893
1218
825
561
242
554
1060
802
257
164
615
732
275
357
895
572
132
566
890
246
830
552
1014
968
1119
116
1151
642
889
1025
494
568
275
245
758
885
1179
351
916
1101
644
934
799
1252
458
1012
1305
791
450
1322
400
206
702
974
1120
1042
842
524
1069
877
318
441
852
343
474
1192
948
903
69
328
1037
1105
228
395
1007
662
161
865
231
962
1244
899
0
82
264
334
181
1079
453
491
759
548
1076
449
595
73
624
393
866
339
652
1088
1159
354
896
794
773
399
908
576
1065
613
745
445
810
426
241
266
642
959
1031
246
480
1091
43
1113
537
139
441
98
555
866
663
1025
711
592
1011
953
578
154
230
495
583
466
351
760
448
657
960
829
346
1196
148
608
540
1287
1170
676
588
440
1230
936
685
1097
480
920
917
488
1100
70
960
1091
302
806
881
568
783
611
218
436
425
750
703
751
1012
1057
1073
122
1080
395
1240
369
1151
1034
757
256
1163
339
124
741
352
549
1131
461
492
524
1266
902
104
775
589
917
1144
385
631
981
388
520
348
506
655
127
193
755
639
362
258
184
783
797
317
637
1198
617
442
686
1091
226
892
1195
1073
511
1024
619
337
758
565
1017
625
394
964
1352
373
88
751
0
300
1149
1073
653
1267
1057
773
1382
1032
918
905
1030
1280
246
1065
419
1095
1198
478
416
987
210
500
586
1160
607
399
942
449
633
735
668
357
923
173
1078
745
563
492
968
474
524
277
739
347
287
984
296
1061
1343
390
773
141
998
1260
522
773
1293
1068
382
309
1145
728
471
1089
1008
537
774
748
528
779
711
459
1016
1162
611
731
1045
358
1327
1177
627
1230
57
703
561
717
998
238
329
501
152
570
664
584
815
1135
911
1028
1218
720
482
590
829
370
811
1104
1058
824
393
363
647
939
855
755
684
958
1031
572
128
252
277
381
364
415
226
1086
324
95
1215
74
248
958
611
800
165
629
657
911
1188
1003
942
286
961
611
281
204
625
136
482
311
1240
601
1071
413
1246
1238
578
101
741
880
488
778
615
559
314
1233
1252
1031
1283
292
1041
736
1180
615
609
316
759
996
475
504
381
665
459
923
527
18
793
82
846
616
1096
1147
824
990
740
487
456
382
791
399
754
621
881
410
724
479
991
45
54
453
1259
608
1326
1153
255
547
560
244
1171
311
448
736
1011
280
370
951
321
463
577
648
284
595
782
263
369
744
753
95
256
1139
701
117
297
1228
935
869
550
930
271
511
115
1033
401
441
616
1151
535
249
78
42
784
409
884
513
402
335
902
679
757
942
196
867
358
670
1290
497
868
102
281
1175
374
830
267
455
1409
408
194
672
550
951
565
373
706
677
185
105
794
641
762
712
1029
448
542
341
732
416
456
241
181
214
535
195
499
609
32
743
565
1071
487
919
338
138
515
700
79
978
900
706
525
218
594
252
449
538
663
807
408
644
473
281
676
878
752
488
446
944
572
132
655
761
390
455
139
512
338
1232
1132
952
478
1017
336
168
586
407
352
61
522
1067
204
842
230
832
1027
258
532
64
235
626
723
366
896
759
290
613
317
104
712
1065
291
911
703
920
1223
492
240
284
325
640
775
581
522
123
379
389
465
803
397
326
1066
146
876
108
551
701
672
451
506
242
894
1357
1287
647
528
801
35
194
662
1129
280
696
404
1008
689
338
572
432
393
858
823
926
319
399
563
1279
1219
1151
792
363
316
668
121
124
340
627
821
400
491
416
1312
124
240
123
997
550
1127
551
271
580
711
464
931
840
652
1304
262
315
235
772
350
398
529
960
489
109
1064
795
693
676
197
124
561
1142
996
890
585
73
881
711
882
911
1094
349
679
270
439
850
499
386
810
59
856
827
1085
504
801
1008
526
397
973
83
582
522
69
585
811
1150
655
507
708
672
1038
531
1183
569
859
713
260
295
656
898
725
595
478
898
593
622
348
832
663
848
462
430
1089
492
663
494
1230
1057
229
327
1237
1275
446
801
319
247
922
1271
575
927
516
928
1335
962
135
753
466
148
821
220
302
462
176
629
981
697
363
297
369
1154
179
1088
460
1029
487
813
341
285
660
743
233
43
299
527
1299
586
775
1259
637
757
327
461
891
1136
851
852
224
1012
438
602
188
358
1042
854
248
595
700
698
916
571
968
301
1005
957
524
561
857
77
1084
515
993
720
698
917
683
1111
1144
971
630
1145
378
1072
598
339
1175
78
794
1083
1038
1214
211
1025
806
805
109
478
461
248
249
520
752
856
327
953
498
1037
825
539
232
918
105
484
1229
658
869
317
534
729
612
1017
584
519
248
669
356
902
560
862
235
776
817
561
510
308
459
780
701
362
475
175
49
746
483
847
224
683
998
798
751
461
217
710
994
463
1071
587
1049
484
696
623
852
303
436
149
1054
554
744
496
804
447
1047
195
1214
516
883
832
478
142
1076
256
1287
780
497
746
325
660
1062
812
528
866
907
894
807
69
543
155
424
242
115
147
436
674
218
69
204
1097
434
714
807
774
742
275
788
1052
1121
212
968
689
231
764
438
145
291
837
271
514
494
469
316
1126
949
1099
582
501
295
256
683
315
503
766
922
1010
1029
342
480
929
855
221
1008
736
1054
525
1020
1195
830
575
196
1257
1023
304
226
699
423
599
779
546
658
350
173
598
428
833
200
495
214
436
31
256
696
251
501
217
1169
919
951
986
1179
451
569
898
668
671
471
798
267
172
314
999
452
1178
651
804
332
476
1125
485
693
1008
374
212
806
1204
1076
1133
994
680
983
625
333
430
644
656
373
365
1148
407
905
1082
523
305
875
1122
514
144
210
1277
437
587
568
712
171
857
763
846
348
188
527
798
162
185
323
381
181
169
535
415
835
75
569
466
1259
381
486
744
406
464
1084
325
528
538
213
629
944
520
572
1019
652
815
347
882
925
277
597
582
117
347
360
432
1261
442
876
776
490
547
1037
299
283
1032
925
899
202
1164
677
452
1090
556
589
883
740
466
423
1095
100
151
460
479
105
991
666
401
630
1337
119
689
1233
463
503
597
688
526
711
351
715
449
908
277
455
342
240
476
62
717
731
200
950
1244
533
945
250
688
1389
87
42
288
978
992
692
561
1008
214
474
859
1150
78
673
726
569
1034
551
802
729
166
1117
1299
501
1046
1027
306
345
891
925
599
986
716
1278
900
538
1201
305
285
549
589
357
665
1030
539
926
1073
347
1094
239
672
1061
749
538
206
889
743
645
433
436
1056
1348
842
770
851
744
958
1296
918
991
261
591
260
686
145
292
465
532
536
176
984
727
834
102
728
226
580
888
901
1174
76
627
1092
565
393
241
1151
706
205
309
269
734
1172
0
853
860
1109
776
713
95
490
560
464
678
386
1090
543
911
1066
307
397
458
182
272
1189
108
919
537
514
465
621
65
1346
796
394
67
635
976
146
1067
848
347
529
266
674
883
187
532
483
973
615
610
1253
612
561
506
1104
126
835
1058
328
414
849
835
209
788
827
607
657
1102
473
624
1018
873
1022
368
729
44
319
1199
243
691
754
820
1013
882
506
306
128
507
1222
1360
441
659
906
907
1026
597
1090
160
797
454
902
359
1291
579
584
506
878
385
849
882
772
840
830
1191
835
236
1064
830
369
433
664
715
872
520
1041
929
537
390
1254
537
889
803
848
390
525
1178
499
815
706
669
610
734
953
992
700
854
433
1216
673
1050
928
1245
401
1195
691
886
1038
501
327
856
830
465
678
807
137
948
414
678
526
1112
176
1040
962
1219
365
1131
607
643
470
893
725
102
187
981
303
905
348
377
1042
366
742
1036
1223
46
413
572
607
1132
300
271
671
374
659
490
534
263
1100
920
573
114
754
249
219
373
928
66
939
1182
868
1033
1208
654
611
441
1143
38
974
591
0
262
409
1195
783
494
208
551
1073
625
582
655
262
589
971
182
1100
463
718
1068
965
692
1073
337
846
1207
814
381
407
1198
596
261
1039
663
1118
452
756
113
805
353
1303
167
126
1208
503
259
1090
410
46
851
894
243
82
852
637
733
667
285
435
479
874
286
1054
962
212
1225
380
429
912
880
513
1357
623
293
410
1012
744
671
1077
413
217
1368
781
870
715
637
379
1108
1178
770
1228
526
783
1175
276
0
936
1339
1269
223
104
345
1295
381
315
536
703
1291
515
890
502
1139
195
696
1100
1169
777
492
806
134
531
1089
672
841
353
1045
238
444
786
847
334
1007
617
454
723
0
589
745
530
770
1095
305
904
354
104
571
197
712
1017
740
1198
262
959
622
851
390
1294
516
830
376
296
243
724
404
624
1016
450
618
462
777
143
233
306
595
1227
744
306
548
277
146
726
527
686
948
451
281
764
846
927
460
531
650
931
953
630
328
157
149
1036
963
226
895
970
229
664
361
163
228
161
717
637
514
364
717
756
780
334
797
1342
524
814
1173
949
167
483
939
1072
757
668
176
649
349
234
1087
432
1119
668
743
397
619
508
748
491
394
1117
437
110
853
674
458
75
511
471
279
855
317
230
310
525
277
1038
702
215
536
972
249
658
248
1061
638
1323
201
615
352
312
33
825
696
184
581
328
135
264
187
601
1017
592
290
438
604
1027
519
313
1116
547
1003
881
1286
633
304
317
867
1247
744
904
583
165
935
698
739
297
771
447
262
382
545
348
894
325
346
335
312
638
425
291
916
405
518
686
1291
269
424
120
258
457
640
1160
1089
1228
799
873
852
307
342
721
692
235
27
355
881
814
133
1029
699
1027
573
24
707
1323
680
628
773
1260
823
1158
224
330
67
830
129
348
1111
48
288
625
1021
941
889
733
728
814
614
1184
195
206
258
907
431
30
802
417
1175
398
454
1135
816
90
298
414
715
437
556
578
718
287
291
825
320
245
797
304
173
575
568
367
481
972
1019
348
430
1017
345
1126
1084
1116
701
771
887
1014
874
646
477
756
534
1007
888
867
1044
133
493
292
1362
649
1004
422
0
112
109
717
402
368
653
159
116
625
962
782
114
1105
230
132
732
521
533
1047
493
276
489
766
1175
557
552
754
981
847
729
661
722
1003
223
803
136
531
432
241
695
999
226
100
193
949
674
248
498
1337
634
450
577
310
584
812
797
508
214
396
890
779
324
788
488
749
338
838
771
360
578
1118
387
1055
400
622
950
686
816
574
191
206
846
36
54
466
1309
829
763
380
809
169
731
64
557
646
553
518
286
1085
237
230
839
1076
497
399
201
673
1274
476
978
1092
378
679
670
1031
366
672
1043
557
559
535
858
66
707
95
250
693
297
1089
412
506
83
267
862
547
147
738
203
687
509
105
694
518
983
800
913
207
146
598
1397
353
953
248
1104
1225
602
954
425
100
639
644
221
447
0
431
652
376
615
829
517
246
320
764
303
399
455
730
504
679
196
543
829
574
962
61
474
691
621
637
1070
1125
466
867
287
286
1145
332
1123
115
1206
245
699
897
296
875
265
178
1382
604
40
406
47
639
566
1031
414
704
975
555
587
864
670
1058
951
527
628
189
710
1230
988
755
1251
838
350
506
164
819
663
490
87
57
696
133
284
466
1143
631
542
179
318
1237
595
161
401
533
921
1041
766
996
510
935
956
54
1192
403
1155
1070
34
361
377
548
1059
298
938
352
362
251
939
962
829
146
393
391
1123
410
161
739
942
226
846
204
348
723
643
484
1002
287
626
374
492
891
377
622
496
612
144
710
941
317
446
861
469
848
1281
795
257
602
787
232
1051
584
211
791
555
1207
391
1324
579
640
696
684
750
497
461
595
699
362
534
899
85
628
548
587
428
490
282
189
1071
242
1343
491
337
932
435
306
567
746
159
978
882
920
1002
681
883
486
509
739
235
264
584
921
307
1192
791
526
314
478
1148
83
247
855
586
414
1067
413
394
484
664
943
308
393
540
602
350
1317
576
730
364
539
651
881
297
735
688
1254
357
427
241
972
504
537
667
89
649
97
572
858
551
270
464
268
1005
469
98
275
42
695
545
1011
1270
925
1061
669
1117
557
725
1192
54
1253
983
252
691
844
308
1150
666
520
621
332
991
611
991
489
416
983
669
1069
433
520
141
441
552
711
756
623
600
778
716
501
418
218
962
529
271
684
469
97
725
105
1009
1111
375
744
697
114
1259
119
163
222
233
481
1310
717
119
647
726
353
270
504
996
379
269
671
808
624
1007
888
455
734
774
641
1194
252
843
459
886
749
980
109
1254
233
545
649
463
484
679
666
906
1178
122
886
733
132
1182
377
262
432
762
389
858
707
401
622
286
605
541
489
500
1147
738
826
115
757
583
332
747
99
981
410
388
347
362
1131
827
969
551
999
693
638
588
199
906
114
665
232
220
683
321
448
83
428
227
703
439
687
1133
1361
1272
920
579
574
19
723
455
898
549
791
715
1198
798
334
719
64
898
824
279
1034
874
741
242
630
1034
743
243
39
1307
336
638
723
594
1070
187
783
312
1263
195
384
1020
1343
1108
356
1176
411
995
981
553
1227
409
1127
371
1197
347
714
452
959
999
250
611
181
994
859
96
203
175
1201
400
489
800
499
666
988
378
1030
1134
1174
410
811
413
156
463
647
799
438
1180
490
1008
1111
919
168
1028
732
839
232
32
1188
486
1108
82
428
492
251
202
714
1189
539
521
841
649
740
266
708
230
1169
666
1233
1082
649
749
512
1053
1058
738
758
727
576
1019
178
938
515
39
942
343
844
273
469
373
670
1230
242
1290
123
715
500
265
1260
1007
1248
903
190
233
242
953
1041
576
1178
103
267
585
489
484
104
872
628
332
255
1045
639
104
1285
162
734
890
271
468
88
236
269
438
210
972
748
1000
948
682
429
397
254
699
652
823
86
698
398
231
88
194
1072
539
758
311
1052
1340
558
874
549
172
246
486
1113
212
652
527
557
693
294
935
1080
348
1289
1027
1055
941
1033
220
292
641
28
80
94
856
506
361
809
705
847
940
1123
583
1247
1368
754
130
1033
1027
503
283
913
303
514
416
181
658
362
219
351
946
821
565
952
311
1143
940
232
538
165
183
346
734
117
697
313
347
1162
419
656
764
145
474
222
527
1010
1043
506
198
796
278
994
1046
636
782
406
768
197
864
160
272
173
899
708
1245
1050
532
197
388
545
165
871
665
766
0
666
673
580
677
1009
464
297
140
1044
170
686
745
806
607
1300
1094
271
854
864
698
304
220
136
582
1168
863
454
971
75
536
662
337
834
299
694
695
797
952
300
1247
419
717
682
330
438
358
699
70
666
233
825
869
187
824
659
31
465
91
1115
850
811
1380
671
504
588
392
1259
648
272
1081
414
392
1256
750
230
1035
617
1086
813
517
991
714
779
448
630
772
993
163
278
723
609
880
747
615
229
366
303
984
1234
1040
1308
1047
599
421
397
176
831
973
709
285
575
1183
645
1260
909
290
766
851
414
405
291
849
763
592
337
149
880
766
692
440
1109
815
418
482
859
642
427
1266
593
450
388
686
883
226
1159
153
595
1315
251
1181
361
148
1045
596
819
849
191
211
819
646
1382
728
302
640
285
600
740
524
333
536
314
463
875
943
163
786
450
781
1121
1098
796
1079
79
511
234
168
814
545
814
867
857
845
834
1087
962
680
418
762
750
881
643
795
692
750
88
738
1063
165
1111
343
182
521
808
260
119
68
672
463
786
197
735
940
333
1090
417
901
514
1133
875
1236
905
194
819
250
605
251
935
313
835
278
916
170
1189
110
279
874
669
85
718
64
339
534
158
248
740
1079
777
381
699
439
463
822
508
1029
688
1159
601
794
893
425
486
701
845
1040
912
984
841
921
22
774
285
1218
545
508
62
325
388
643
948
861
1107
966
653
820
1058
1199
518
580
228
846
674
815
630
841
62
762
296
552
504
680
486
1095
350
640
1000
424
1082
865
1138
89
307
83
409
1070
904
1095
686
1053
218
816
659
662
192
469
771
917
874
220
384
523
235
25
943
351
610
361
163
381
426
167
680
578
245
1164
672
574
473
507
955
899
751
248
892
950
628
119
318
99
874
1257
1002
728
274
850
1265
733
302
592
825
992
447
532
891
984
615
375
595
967
460
255
951
413
457
950
1158
726
166
658
171
585
102
219
493
1082
1205
712
595
1205
305
729
573
473
472
889
391
663
872
280
1322
553
0
775
304
1067
466
1095
341
306
357
992
461
122
1069
932
126
740
1040
288
736
630
483
583
1156
1335
541
338
459
751
951
953
1046
698
1127
1109
987
93
583
329
991
657
451
620
999
1220
416
422
886
602
1132
638
610
291
127
818
893
295
995
965
711
649
613
761
802
127
472
248
290
906
542
459
682
404
473
589
492
1190
1051
179
807
1276
610
723
739
364
906
125
725
632
476
229
858
691
1056
85
0
736
1264
588
1113
570
1198
288
1026
1132
928
881
856
584
843
268
354
411
409
498
1027
263
715
1036
1100
925
711
114
623
257
1055
1135
523
691
637
490
959
253
683
636
568
158
0
531
183
718
534
477
202
918
1009
1335
296
581
358
215
80
1313
879
421
182
369
1206
210
906
221
671
590
209
633
625
943
382
142
390
173
486
1210
481
633
545
558
709
1282
44
853
509
578
878
983
351
467
368
731
1059
569
1174
289
807
213
467
210
714
920
617
926
917
686
1061
955
1128
51
596
690
663
584
1128
914
1187
880
706
61
290
228
41
608
1030
539
599
288
1107
976
645
263
476
525
835
981
614
1200
6
411
971
500
512
516
963
479
130
332
1007
444
550
380
860
827
115
319
152
854
1123
84
612
1085
211
120
767
985
875
846
554
1102
53
785
198
439
433
980
197
318
1112
173
592
492
69
543
343
418
842
1214
78
322
744
1008
656
643
552
483
1368
281
582
1098
596
873
828
164
96
958
293
953
858
109
138
715
1218
875
191
499
606
695
753
364
403
835
573
904
661
996
136
165
971
96
926
457
797
315
1172
761
1063
754
164
231
627
556
617
272
370
414
252
198
777
165
653
234
340
610
733
590
198
375
252
1060
902
511
341
664
299
393
754
237
788
202
347
243
253
659
797
623
1082
281
1160
1347
371
911
632
539
449
444
1027
1114
676
739
584
300
1251
1112
348
284
948
529
881
1119
949
609
565
645
945
717
964
766
675
640
460
922
509
398
584
169
826
244
1318
252
974
518
187
833
411
682
634
199
1273
980
437
1293
558
1026
237
615
365
523
569
216
1034
942
221
935
783
472
1152
949
488
137
619
694
1362
487
937
468
944
342
488
218
873
424
860
758
611
924
633
275
828
376
237
926
151
313
487
243
376
595
893
1067
889
197
1339
483
461
994
622
704
248
406
897
954
677
282
957
1099
778
373
1187
1076
1174
985
231
627
981
829
503
616
766
816
282
897
581
301
219
565
300
718
678
928
108
554
680
276
201
771
517
73
458
861
984
804
174
181
476
155
200
1178
276
629
153
966
1072
1355
834
595
747
1237
891
127
780
900
760
725
695
494
1041
586
605
91
950
488
235
620
26
1266
81
210
811
185
589
188
174
244
868
566
758
775
1041
731
114
739
557
453
1047
332
1004
515
490
460
821
716
435
407
796
1083
659
827
855
257
69
513
1200
922
895
543
462
746
418
656
1284
579
389
956
759
488
936
854
633
505
1309
1267
1180
222
673
250
424
740
755
1056
757
804
144
907
229
461
776
295
695
687
1051
521
112
371
463
1080
217
1221
1217
718
506
738
1201
495
657
882
644
725
1001
123
420
298
805
661
684
127
77
800
509
1110
412
629
1221
749
805
329
264
968
159
1001
586
896
662
838
174
203
1175
552
242
265
935
50
589
96
1163
722
189
604
