2000000 2000001 2000002 2000003
2000010 2000011 2000012 2000013
2000020 2000021 2000022 2000023
2000030 2000031 2000032 2000033
2000040 2000041 2000042 2000043
2000050 2000051 2000052 2000053
2000060 2000061 2000062 2000063
2000070 2000071 2000072 2000073
2000080 2000081 2000082 2000083
2000090 2000091 2000092 2000093
2000100 2000101 2000102 2000103
2000110 2000111 2000112 2000113
2000120 2000121 2000122 2000123
2000130 2000131 2000132 2000133
2000140 2000141 2000142 2000143
2000150 2000151 2000152 2000153
2000160 2000161 2000162 2000163
2000170 2000171 2000172 2000173
2000180 2000181 2000182 2000183
2000190 2000191 2000192 2000193
2000200 2000201 2000202 2000203
2000210 2000211 2000212 2000213
2000220 2000221 2000222 2000223
2000230 2000231 2000232 2000233
2000240 2000241 2000242 2000243
2000250 2000251 2000252 2000253
2000260 2000261 2000262 2000263
2000270 2000271 2000272 2000273
2000280 2000281 2000282 2000283
2000290 2000291 2000292 2000293
2000300 2000301 2000302 2000303
2000310 2000311 2000312 2000313
2000320 2000321 2000322 2000323
2000330 2000331 2000332 2000333
2000340 2000341 2000342 2000343
2000350 2000351 2000352 2000353
2000360 2000361 2000362 2000363
2000370 2000371 2000372 2000373
2000380 2000381 2000382 2000383
2000390 2000391 2000392 2000393
2000400 2000401 2000402 2000403
2000410 2000411 2000412 2000413
2000420 2000421 2000422 2000423
2000430 2000431 2000432 2000433
2000440 2000441 2000442 2000443
2000450 2000451 2000452 2000453
2000460 2000461 2000462 2000463
2000470 2000471 2000472 2000473
2000480 2000481 2000482 2000483
2000490 2000491 2000492 2000493
2000500 2000501 2000502 2000503
2000510 2000511 2000512 2000513
2000520 2000521 2000522 2000523
2000530 2000531 2000532 2000533
2000540 2000541 2000542 2000543
2000550 2000551 2000552 2000553
2000560 2000561 2000562 2000563
2000570 2000571 2000572 2000573
2000580 2000581 2000582 2000583
2000590 2000591 2000592 2000593
2000600 2000601 2000602 2000603
2000610 2000611 2000612 2000613
2000620 2000621 2000622 2000623
2000630 2000631 2000632 2000633
2000640 2000641 2000642 2000643
2000650 2000651 2000652 2000653
2000660 2000661 2000662 2000663
2000670 2000671 2000672 2000673
2000680 2000681 2000682 2000683
2000690 2000691 2000692 2000693
2000700 2000701 2000702 2000703
2000710 2000711 2000712 2000713
2000720 2000721 2000722 2000723
2000730 2000731 2000732 2000733
2000740 2000741 2000742 2000743
2000750 2000751 2000752 2000753
2000760 2000761 2000762 2000763
2000770 2000771 2000772 2000773
2000780 2000781 2000782 2000783
2000790 2000791 2000792 2000793
2000800 2000801 2000802 2000803
2000810 2000811 2000812 2000813
2000820 2000821 2000822 2000823
2000830 2000831 2000832 2000833
2000840 2000841 2000842 2000843
2000850 2000851 2000852 2000853
2000860 2000861 2000862 2000863
2000870 2000871 2000872 2000873
2000880 2000881 2000882 2000883
2000890 2000891 2000892 2000893
2000900 2000901 2000902 2000903
2000910 2000911 2000912 2000913
2000920 2000921 2000922 2000923
2000930 2000931 2000932 2000933
2000940 2000941 2000942 2000943
2000950 2000951 2000952 2000953
2000960 2000961 2000962 2000963
2000970 2000971 2000972 2000973
2000980 2000981 2000982 2000983
2000990 2000991 2000992 2000993
2001000 2001001 2001002 2001003
2001010 2001011 2001012 2001013
2001020 2001021 2001022 2001023
2001030 2001031 2001032 2001033
2001040 2001041 2001042 2001043
2001050 2001051 2001052 2001053
2001060 2001061 2001062 2001063
2001070 2001071 2001072 2001073
2001080 2001081 2001082 2001083
2001090 2001091 2001092 2001093
2001100 2001101 2001102 2001103
2001110 2001111 2001112 2001113
2001120 2001121 2001122 2001123
2001130 2001131 2001132 2001133
2001140 2001141 2001142 2001143
2001150 2001151 2001152 2001153
2001160 2001161 2001162 2001163
2001170 2001171 2001172 2001173
2001180 2001181 2001182 2001183
2001190 2001191 2001192 2001193
2001200 2001201 2001202 2001203
2001210 2001211 2001212 2001213
2001220 2001221 2001222 2001223
2001230 2001231 2001232 2001233
2001240 2001241 2001242 2001243
2001250 2001251 2001252 2001253
2001260 2001261 2001262 2001263
2001270 2001271 2001272 2001273
2001280 2001281 2001282 2001283
2001290 2001291 2001292 2001293
2001300 2001301 2001302 2001303
2001310 2001311 2001312 2001313
2001320 2001321 2001322 2001323
2001330 2001331 2001332 2001333
2001340 2001341 2001342 2001343
2001350 2001351 2001352 2001353
2001360 2001361 2001362 2001363
2001370 2001371 2001372 2001373
2001380 2001381 2001382 2001383
2001390 2001391 2001392 2001393
2001400 2001401 2001402 2001403
2001410 2001411 2001412 2001413
2001420 2001421 2001422 2001423
2001430 2001431 2001432 2001433
2001440 2001441 2001442 2001443
2001450 2001451 2001452 2001453
2001460 2001461 2001462 2001463
2001470 2001471 2001472 2001473
2001480 2001481 2001482 2001483
2001490 2001491 2001492 2001493
2001500 2001501 2001502 2001503
2001510 2001511 2001512 2001513
2001520 2001521 2001522 2001523
2001530 2001531 2001532 2001533
2001540 2001541 2001542 2001543
2001550 2001551 2001552 2001553
2001560 2001561 2001562 2001563
2001570 2001571 2001572 2001573
2001580 2001581 2001582 2001583
2001590 2001591 2001592 2001593
2001600 2001601 2001602 2001603
2001610 2001611 2001612 2001613
2001620 2001621 2001622 2001623
2001630 2001631 2001632 2001633
2001640 2001641 2001642 2001643
2001650 2001651 2001652 2001653
2001660 2001661 2001662 2001663
2001670 2001671 2001672 2001673
2001680 2001681 2001682 2001683
2001690 2001691 2001692 2001693
2001700 2001701 2001702 2001703
2001710 2001711 2001712 2001713
2001720 2001721 2001722 2001723
2001730 2001731 2001732 2001733
2001740 2001741 2001742 2001743
2001750 2001751 2001752 2001753
2001760 2001761 2001762 2001763
2001770 2001771 2001772 2001773
2001780 2001781 2001782 2001783
2001790 2001791 2001792 2001793
2001800 2001801 2001802 2001803
2001810 2001811 2001812 2001813
2001820 2001821 2001822 2001823
2001830 2001831 2001832 2001833
2001840 2001841 2001842 2001843
2001850 2001851 2001852 2001853
2001860 2001861 2001862 2001863
2001870 2001871 2001872 2001873
2001880 2001881 2001882 2001883
2001890 2001891 2001892 2001893
2001900 2001901 2001902 2001903
2001910 2001911 2001912 2001913
2001920 2001921 2001922 2001923
2001930 2001931 2001932 2001933
2001940 2001941 2001942 2001943
2001950 2001951 2001952 2001953
2001960 2001961 2001962 2001963
2001970 2001971 2001972 2001973
2001980 2001981 2001982 2001983
2001990 2001991 2001992 2001993
2002000 2002001 2002002 2002003
2002010 2002011 2002012 2002013
2002020 2002021 2002022 2002023
2002030 2002031 2002032 2002033
2002040 2002041 2002042 2002043
2002050 2002051 2002052 2002053
2002060 2002061 2002062 2002063
2002070 2002071 2002072 2002073
2002080 2002081 2002082 2002083
2002090 2002091 2002092 2002093
2002100 2002101 2002102 2002103
2002110 2002111 2002112 2002113
2002120 2002121 2002122 2002123
2002130 2002131 2002132 2002133
2002140 2002141 2002142 2002143
2002150 2002151 2002152 2002153
2002160 2002161 2002162 2002163
2002170 2002171 2002172 2002173
2002180 2002181 2002182 2002183
2002190 2002191 2002192 2002193
2002200 2002201 2002202 2002203
2002210 2002211 2002212 2002213
2002220 2002221 2002222 2002223
2002230 2002231 2002232 2002233
2002240 2002241 2002242 2002243
2002250 2002251 2002252 2002253
2002260 2002261 2002262 2002263
2002270 2002271 2002272 2002273
2002280 2002281 2002282 2002283
2002290 2002291 2002292 2002293
2002300 2002301 2002302 2002303
2002310 2002311 2002312 2002313
2002320 2002321 2002322 2002323
2002330 2002331 2002332 2002333
2002340 2002341 2002342 2002343
2002350 2002351 2002352 2002353
2002360 2002361 2002362 2002363
2002370 2002371 2002372 2002373
2002380 2002381 2002382 2002383
2002390 2002391 2002392 2002393
2002400 2002401 2002402 2002403
2002410 2002411 2002412 2002413
2002420 2002421 2002422 2002423
2002430 2002431 2002432 2002433
2002440 2002441 2002442 2002443
2002450 2002451 2002452 2002453
2002460 2002461 2002462 2002463
2002470 2002471 2002472 2002473
2002480 2002481 2002482 2002483
2002490 2002491 2002492 2002493
2002500 2002501 2002502 2002503
2002510 2002511 2002512 2002513
2002520 2002521 2002522 2002523
2002530 2002531 2002532 2002533
2002540 2002541 2002542 2002543
2002550 2002551 2002552 2002553
2002560 2002561 2002562 2002563
2002570 2002571 2002572 2002573
2002580 2002581 2002582 2002583
2002590 2002591 2002592 2002593
2002600 2002601 2002602 2002603
2002610 2002611 2002612 2002613
2002620 2002621 2002622 2002623
2002630 2002631 2002632 2002633
2002640 2002641 2002642 2002643
2002650 2002651 2002652 2002653
2002660 2002661 2002662 2002663
2002670 2002671 2002672 2002673
2002680 2002681 2002682 2002683
2002690 2002691 2002692 2002693
2002700 2002701 2002702 2002703
2002710 2002711 2002712 2002713
2002720 2002721 2002722 2002723
2002730 2002731 2002732 2002733
2002740 2002741 2002742 2002743
2002750 2002751 2002752 2002753
2002760 2002761 2002762 2002763
2002770 2002771 2002772 2002773
2002780 2002781 2002782 2002783
2002790 2002791 2002792 2002793
2002800 2002801 2002802 2002803
2002810 2002811 2002812 2002813
2002820 2002821 2002822 2002823
2002830 2002831 2002832 2002833
2002840 2002841 2002842 2002843
2002850 2002851 2002852 2002853
2002860 2002861 2002862 2002863
2002870 2002871 2002872 2002873
2002880 2002881 2002882 2002883
2002890 2002891 2002892 2002893
2002900 2002901 2002902 2002903
2002910 2002911 2002912 2002913
2002920 2002921 2002922 2002923
2002930 2002931 2002932 2002933
2002940 2002941 2002942 2002943
2002950 2002951 2002952 2002953
2002960 2002961 2002962 2002963
2002970 2002971 2002972 2002973
2002980 2002981 2002982 2002983
2002990 2002991 2002992 2002993
2003000 2003001 2003002 2003003
2003010 2003011 2003012 2003013
2003020 2003021 2003022 2003023
2003030 2003031 2003032 2003033
2003040 2003041 2003042 2003043
2003050 2003051 2003052 2003053
2003060 2003061 2003062 2003063
2003070 2003071 2003072 2003073
2003080 2003081 2003082 2003083
2003090 2003091 2003092 2003093
2003100 2003101 2003102 2003103
2003110 2003111 2003112 2003113
2003120 2003121 2003122 2003123
2003130 2003131 2003132 2003133
2003140 2003141 2003142 2003143
2003150 2003151 2003152 2003153
2003160 2003161 2003162 2003163
2003170 2003171 2003172 2003173
2003180 2003181 2003182 2003183
2003190 2003191 2003192 2003193
2003200 2003201 2003202 2003203
2003210 2003211 2003212 2003213
2003220 2003221 2003222 2003223
2003230 2003231 2003232 2003233
2003240 2003241 2003242 2003243
2003250 2003251 2003252 2003253
2003260 2003261 2003262 2003263
2003270 2003271 2003272 2003273
2003280 2003281 2003282 2003283
2003290 2003291 2003292 2003293
2003300 2003301 2003302 2003303
2003310 2003311 2003312 2003313
2003320 2003321 2003322 2003323
2003330 2003331 2003332 2003333
2003340 2003341 2003342 2003343
2003350 2003351 2003352 2003353
2003360 2003361 2003362 2003363
2003370 2003371 2003372 2003373
2003380 2003381 2003382 2003383
2003390 2003391 2003392 2003393
2003400 2003401 2003402 2003403
2003410 2003411 2003412 2003413
2003420 2003421 2003422 2003423
2003430 2003431 2003432 2003433
2003440 2003441 2003442 2003443
2003450 2003451 2003452 2003453
2003460 2003461 2003462 2003463
2003470 2003471 2003472 2003473
2003480 2003481 2003482 2003483
2003490 2003491 2003492 2003493
2003500 2003501 2003502 2003503
2003510 2003511 2003512 2003513
2003520 2003521 2003522 2003523
2003530 2003531 2003532 2003533
2003540 2003541 2003542 2003543
2003550 2003551 2003552 2003553
2003560 2003561 2003562 2003563
2003570 2003571 2003572 2003573
2003580 2003581 2003582 2003583
2003590 2003591 2003592 2003593
2003600 2003601 2003602 2003603
2003610 2003611 2003612 2003613
2003620 2003621 2003622 2003623
2003630 2003631 2003632 2003633
2003640 2003641 2003642 2003643
2003650 2003651 2003652 2003653
2003660 2003661 2003662 2003663
2003670 2003671 2003672 2003673
2003680 2003681 2003682 2003683
2003690 2003691 2003692 2003693
2003700 2003701 2003702 2003703
2003710 2003711 2003712 2003713
2003720 2003721 2003722 2003723
2003730 2003731 2003732 2003733
2003740 2003741 2003742 2003743
2003750 2003751 2003752 2003753
2003760 2003761 2003762 2003763
2003770 2003771 2003772 2003773
2003780 2003781 2003782 2003783
2003790 2003791 2003792 2003793
2003800 2003801 2003802 2003803
2003810 2003811 2003812 2003813
2003820 2003821 2003822 2003823
2003830 2003831 2003832 2003833
2003840 2003841 2003842 2003843
2003850 2003851 2003852 2003853
2003860 2003861 2003862 2003863
2003870 2003871 2003872 2003873
2003880 2003881 2003882 2003883
2003890 2003891 2003892 2003893
2003900 2003901 2003902 2003903
2003910 2003911 2003912 2003913
2003920 2003921 2003922 2003923
2003930 2003931 2003932 2003933
2003940 2003941 2003942 2003943
2003950 2003951 2003952 2003953
2003960 2003961 2003962 2003963
2003970 2003971 2003972 2003973
2003980 2003981 2003982 2003983
2003990 2003991 2003992 2003993
2004000 2004001 2004002 2004003
2004010 2004011 2004012 2004013
2004020 2004021 2004022 2004023
2004030 2004031 2004032 2004033
2004040 2004041 2004042 2004043
2004050 2004051 2004052 2004053
2004060 2004061 2004062 2004063
2004070 2004071 2004072 2004073
2004080 2004081 2004082 2004083
2004090 2004091 2004092 2004093
2004100 2004101 2004102 2004103
2004110 2004111 2004112 2004113
2004120 2004121 2004122 2004123
2004130 2004131 2004132 2004133
2004140 2004141 2004142 2004143
2004150 2004151 2004152 2004153
2004160 2004161 2004162 2004163
2004170 2004171 2004172 2004173
2004180 2004181 2004182 2004183
2004190 2004191 2004192 2004193
2004200 2004201 2004202 2004203
2004210 2004211 2004212 2004213
2004220 2004221 2004222 2004223
2004230 2004231 2004232 2004233
2004240 2004241 2004242 2004243
2004250 2004251 2004252 2004253
2004260 2004261 2004262 2004263
2004270 2004271 2004272 2004273
2004280 2004281 2004282 2004283
2004290 2004291 2004292 2004293
2004300 2004301 2004302 2004303
2004310 2004311 2004312 2004313
2004320 2004321 2004322 2004323
2004330 2004331 2004332 2004333
2004340 2004341 2004342 2004343
2004350 2004351 2004352 2004353
2004360 2004361 2004362 2004363
2004370 2004371 2004372 2004373
2004380 2004381 2004382 2004383
2004390 2004391 2004392 2004393
2004400 2004401 2004402 2004403
2004410 2004411 2004412 2004413
2004420 2004421 2004422 2004423
2004430 2004431 2004432 2004433
2004440 2004441 2004442 2004443
2004450 2004451 2004452 2004453
2004460 2004461 2004462 2004463
2004470 2004471 2004472 2004473
2004480 2004481 2004482 2004483
2004490 2004491 2004492 2004493
2004500 2004501 2004502 2004503
2004510 2004511 2004512 2004513
2004520 2004521 2004522 2004523
2004530 2004531 2004532 2004533
2004540 2004541 2004542 2004543
2004550 2004551 2004552 2004553
2004560 2004561 2004562 2004563
2004570 2004571 2004572 2004573
2004580 2004581 2004582 2004583
2004590 2004591 2004592 2004593
2004600 2004601 2004602 2004603
2004610 2004611 2004612 2004613
2004620 2004621 2004622 2004623
2004630 2004631 2004632 2004633
2004640 2004641 2004642 2004643
2004650 2004651 2004652 2004653
2004660 2004661 2004662 2004663
2004670 2004671 2004672 2004673
2004680 2004681 2004682 2004683
2004690 2004691 2004692 2004693
2004700 2004701 2004702 2004703
2004710 2004711 2004712 2004713
2004720 2004721 2004722 2004723
2004730 2004731 2004732 2004733
2004740 2004741 2004742 2004743
2004750 2004751 2004752 2004753
2004760 2004761 2004762 2004763
2004770 2004771 2004772 2004773
2004780 2004781 2004782 2004783
2004790 2004791 2004792 2004793
2004800 2004801 2004802 2004803
2004810 2004811 2004812 2004813
2004820 2004821 2004822 2004823
2004830 2004831 2004832 2004833
2004840 2004841 2004842 2004843
2004850 2004851 2004852 2004853
2004860 2004861 2004862 2004863
2004870 2004871 2004872 2004873
2004880 2004881 2004882 2004883
2004890 2004891 2004892 2004893
2004900 2004901 2004902 2004903
2004910 2004911 2004912 2004913
2004920 2004921 2004922 2004923
2004930 2004931 2004932 2004933
2004940 2004941 2004942 2004943
2004950 2004951 2004952 2004953
2004960 2004961 2004962 2004963
2004970 2004971 2004972 2004973
2004980 2004981 2004982 2004983
2004990 2004991 2004992 2004993
2005000 2005001 2005002 2005003
2005010 2005011 2005012 2005013
2005020 2005021 2005022 2005023
2005030 2005031 2005032 2005033
2005040 2005041 2005042 2005043
2005050 2005051 2005052 2005053
2005060 2005061 2005062 2005063
2005070 2005071 2005072 2005073
2005080 2005081 2005082 2005083
2005090 2005091 2005092 2005093
2005100 2005101 2005102 2005103
2005110 2005111 2005112 2005113
2005120 2005121 2005122 2005123
2005130 2005131 2005132 2005133
2005140 2005141 2005142 2005143
2005150 2005151 2005152 2005153
2005160 2005161 2005162 2005163
2005170 2005171 2005172 2005173
2005180 2005181 2005182 2005183
2005190 2005191 2005192 2005193
2005200 2005201 2005202 2005203
2005210 2005211 2005212 2005213
2005220 2005221 2005222 2005223
2005230 2005231 2005232 2005233
2005240 2005241 2005242 2005243
2005250 2005251 2005252 2005253
2005260 2005261 2005262 2005263
2005270 2005271 2005272 2005273
2005280 2005281 2005282 2005283
2005290 2005291 2005292 2005293
2005300 2005301 2005302 2005303
2005310 2005311 2005312 2005313
2005320 2005321 2005322 2005323
2005330 2005331 2005332 2005333
2005340 2005341 2005342 2005343
2005350 2005351 2005352 2005353
2005360 2005361 2005362 2005363
2005370 2005371 2005372 2005373
2005380 2005381 2005382 2005383
2005390 2005391 2005392 2005393
2005400 2005401 2005402 2005403
2005410 2005411 2005412 2005413
2005420 2005421 2005422 2005423
2005430 2005431 2005432 2005433
2005440 2005441 2005442 2005443
2005450 2005451 2005452 2005453
2005460 2005461 2005462 2005463
2005470 2005471 2005472 2005473
2005480 2005481 2005482 2005483
2005490 2005491 2005492 2005493
2005500 2005501 2005502 2005503
2005510 2005511 2005512 2005513
2005520 2005521 2005522 2005523
2005530 2005531 2005532 2005533
2005540 2005541 2005542 2005543
2005550 2005551 2005552 2005553
2005560 2005561 2005562 2005563
2005570 2005571 2005572 2005573
2005580 2005581 2005582 2005583
2005590 2005591 2005592 2005593
2005600 2005601 2005602 2005603
2005610 2005611 2005612 2005613
2005620 2005621 2005622 2005623
2005630 2005631 2005632 2005633
2005640 2005641 2005642 2005643
2005650 2005651 2005652 2005653
2005660 2005661 2005662 2005663
2005670 2005671 2005672 2005673
2005680 2005681 2005682 2005683
2005690 2005691 2005692 2005693
2005700 2005701 2005702 2005703
2005710 2005711 2005712 2005713
2005720 2005721 2005722 2005723
2005730 2005731 2005732 2005733
2005740 2005741 2005742 2005743
2005750 2005751 2005752 2005753
2005760 2005761 2005762 2005763
2005770 2005771 2005772 2005773
2005780 2005781 2005782 2005783
2005790 2005791 2005792 2005793
2005800 2005801 2005802 2005803
2005810 2005811 2005812 2005813
2005820 2005821 2005822 2005823
2005830 2005831 2005832 2005833
2005840 2005841 2005842 2005843
2005850 2005851 2005852 2005853
2005860 2005861 2005862 2005863
2005870 2005871 2005872 2005873
2005880 2005881 2005882 2005883
2005890 2005891 2005892 2005893
2005900 2005901 2005902 2005903
2005910 2005911 2005912 2005913
2005920 2005921 2005922 2005923
2005930 2005931 2005932 2005933
2005940 2005941 2005942 2005943
2005950 2005951 2005952 2005953
2005960 2005961 2005962 2005963
2005970 2005971 2005972 2005973
2005980 2005981 2005982 2005983
2005990 2005991 2005992 2005993
2006000 2006001 2006002 2006003
2006010 2006011 2006012 2006013
2006020 2006021 2006022 2006023
2006030 2006031 2006032 2006033
2006040 2006041 2006042 2006043
2006050 2006051 2006052 2006053
2006060 2006061 2006062 2006063
2006070 2006071 2006072 2006073
2006080 2006081 2006082 2006083
2006090 2006091 2006092 2006093
2006100 2006101 2006102 2006103
2006110 2006111 2006112 2006113
2006120 2006121 2006122 2006123
2006130 2006131 2006132 2006133
2006140 2006141 2006142 2006143
2006150 2006151 2006152 2006153
2006160 2006161 2006162 2006163
2006170 2006171 2006172 2006173
2006180 2006181 2006182 2006183
2006190 2006191 2006192 2006193
2006200 2006201 2006202 2006203
2006210 2006211 2006212 2006213
2006220 2006221 2006222 2006223
2006230 2006231 2006232 2006233
2006240 2006241 2006242 2006243
2006250 2006251 2006252 2006253
2006260 2006261 2006262 2006263
2006270 2006271 2006272 2006273
2006280 2006281 2006282 2006283
2006290 2006291 2006292 2006293
2006300 2006301 2006302 2006303
2006310 2006311 2006312 2006313
2006320 2006321 2006322 2006323
2006330 2006331 2006332 2006333
2006340 2006341 2006342 2006343
2006350 2006351 2006352 2006353
2006360 2006361 2006362 2006363
2006370 2006371 2006372 2006373
2006380 2006381 2006382 2006383
2006390 2006391 2006392 2006393
2006400 2006401 2006402 2006403
2006410 2006411 2006412 2006413
2006420 2006421 2006422 2006423
2006430 2006431 2006432 2006433
2006440 2006441 2006442 2006443
2006450 2006451 2006452 2006453
2006460 2006461 2006462 2006463
2006470 2006471 2006472 2006473
2006480 2006481 2006482 2006483
2006490 2006491 2006492 2006493
2006500 2006501 2006502 2006503
2006510 2006511 2006512 2006513
2006520 2006521 2006522 2006523
2006530 2006531 2006532 2006533
2006540 2006541 2006542 2006543
2006550 2006551 2006552 2006553
2006560 2006561 2006562 2006563
2006570 2006571 2006572 2006573
2006580 2006581 2006582 2006583
2006590 2006591 2006592 2006593
2006600 2006601 2006602 2006603
2006610 2006611 2006612 2006613
2006620 2006621 2006622 2006623
2006630 2006631 2006632 2006633
2006640 2006641 2006642 2006643
2006650 2006651 2006652 2006653
2006660 2006661 2006662 2006663
2006670 2006671 2006672 2006673
2006680 2006681 2006682 2006683
2006690 2006691 2006692 2006693
2006700 2006701 2006702 2006703
2006710 2006711 2006712 2006713
2006720 2006721 2006722 2006723
2006730 2006731 2006732 2006733
2006740 2006741 2006742 2006743
2006750 2006751 2006752 2006753
2006760 2006761 2006762 2006763
2006770 2006771 2006772 2006773
2006780 2006781 2006782 2006783
2006790 2006791 2006792 2006793
2006800 2006801 2006802 2006803
2006810 2006811 2006812 2006813
2006820 2006821 2006822 2006823
2006830 2006831 2006832 2006833
2006840 2006841 2006842 2006843
2006850 2006851 2006852 2006853
2006860 2006861 2006862 2006863
2006870 2006871 2006872 2006873
2006880 2006881 2006882 2006883
2006890 2006891 2006892 2006893
2006900 2006901 2006902 2006903
2006910 2006911 2006912 2006913
2006920 2006921 2006922 2006923
2006930 2006931 2006932 2006933
2006940 2006941 2006942 2006943
2006950 2006951 2006952 2006953
2006960 2006961 2006962 2006963
2006970 2006971 2006972 2006973
2006980 2006981 2006982 2006983
2006990 2006991 2006992 2006993
2007000 2007001 2007002 2007003
2007010 2007011 2007012 2007013
2007020 2007021 2007022 2007023
2007030 2007031 2007032 2007033
2007040 2007041 2007042 2007043
2007050 2007051 2007052 2007053
2007060 2007061 2007062 2007063
2007070 2007071 2007072 2007073
2007080 2007081 2007082 2007083
2007090 2007091 2007092 2007093
2007100 2007101 2007102 2007103
2007110 2007111 2007112 2007113
2007120 2007121 2007122 2007123
2007130 2007131 2007132 2007133
2007140 2007141 2007142 2007143
2007150 2007151 2007152 2007153
2007160 2007161 2007162 2007163
2007170 2007171 2007172 2007173
2007180 2007181 2007182 2007183
2007190 2007191 2007192 2007193
2007200 2007201 2007202 2007203
2007210 2007211 2007212 2007213
2007220 2007221 2007222 2007223
2007230 2007231 2007232 2007233
2007240 2007241 2007242 2007243
2007250 2007251 2007252 2007253
2007260 2007261 2007262 2007263
2007270 2007271 2007272 2007273
2007280 2007281 2007282 2007283
2007290 2007291 2007292 2007293
2007300 2007301 2007302 2007303
2007310 2007311 2007312 2007313
2007320 2007321 2007322 2007323
2007330 2007331 2007332 2007333
2007340 2007341 2007342 2007343
2007350 2007351 2007352 2007353
2007360 2007361 2007362 2007363
2007370 2007371 2007372 2007373
2007380 2007381 2007382 2007383
2007390 2007391 2007392 2007393
2007400 2007401 2007402 2007403
2007410 2007411 2007412 2007413
2007420 2007421 2007422 2007423
2007430 2007431 2007432 2007433
2007440 2007441 2007442 2007443
2007450 2007451 2007452 2007453
2007460 2007461 2007462 2007463
2007470 2007471 2007472 2007473
2007480 2007481 2007482 2007483
2007490 2007491 2007492 2007493
2007500 2007501 2007502 2007503
2007510 2007511 2007512 2007513
2007520 2007521 2007522 2007523
2007530 2007531 2007532 2007533
2007540 2007541 2007542 2007543
2007550 2007551 2007552 2007553
2007560 2007561 2007562 2007563
2007570 2007571 2007572 2007573
2007580 2007581 2007582 2007583
2007590 2007591 2007592 2007593
2007600 2007601 2007602 2007603
2007610 2007611 2007612 2007613
2007620 2007621 2007622 2007623
2007630 2007631 2007632 2007633
2007640 2007641 2007642 2007643
2007650 2007651 2007652 2007653
2007660 2007661 2007662 2007663
2007670 2007671 2007672 2007673
2007680 2007681 2007682 2007683
2007690 2007691 2007692 2007693
2007700 2007701 2007702 2007703
2007710 2007711 2007712 2007713
2007720 2007721 2007722 2007723
2007730 2007731 2007732 2007733
2007740 2007741 2007742 2007743
2007750 2007751 2007752 2007753
2007760 2007761 2007762 2007763
2007770 2007771 2007772 2007773
2007780 2007781 2007782 2007783
2007790 2007791 2007792 2007793
2007800 2007801 2007802 2007803
2007810 2007811 2007812 2007813
2007820 2007821 2007822 2007823
2007830 2007831 2007832 2007833
2007840 2007841 2007842 2007843
2007850 2007851 2007852 2007853
2007860 2007861 2007862 2007863
2007870 2007871 2007872 2007873
2007880 2007881 2007882 2007883
2007890 2007891 2007892 2007893
2007900 2007901 2007902 2007903
2007910 2007911 2007912 2007913
2007920 2007921 2007922 2007923
2007930 2007931 2007932 2007933
2007940 2007941 2007942 2007943
2007950 2007951 2007952 2007953
2007960 2007961 2007962 2007963
2007970 2007971 2007972 2007973
2007980 2007981 2007982 2007983
2007990 2007991 2007992 2007993
2008000 2008001 2008002 2008003
2008010 2008011 2008012 2008013
2008020 2008021 2008022 2008023
2008030 2008031 2008032 2008033
2008040 2008041 2008042 2008043
2008050 2008051 2008052 2008053
2008060 2008061 2008062 2008063
2008070 2008071 2008072 2008073
2008080 2008081 2008082 2008083
2008090 2008091 2008092 2008093
2008100 2008101 2008102 2008103
2008110 2008111 2008112 2008113
2008120 2008121 2008122 2008123
2008130 2008131 2008132 2008133
2008140 2008141 2008142 2008143
2008150 2008151 2008152 2008153
2008160 2008161 2008162 2008163
2008170 2008171 2008172 2008173
2008180 2008181 2008182 2008183
2008190 2008191 2008192 2008193
2008200 2008201 2008202 2008203
2008210 2008211 2008212 2008213
2008220 2008221 2008222 2008223
2008230 2008231 2008232 2008233
2008240 2008241 2008242 2008243
2008250 2008251 2008252 2008253
2008260 2008261 2008262 2008263
2008270 2008271 2008272 2008273
2008280 2008281 2008282 2008283
2008290 2008291 2008292 2008293
2008300 2008301 2008302 2008303
2008310 2008311 2008312 2008313
2008320 2008321 2008322 2008323
2008330 2008331 2008332 2008333
2008340 2008341 2008342 2008343
2008350 2008351 2008352 2008353
2008360 2008361 2008362 2008363
2008370 2008371 2008372 2008373
2008380 2008381 2008382 2008383
2008390 2008391 2008392 2008393
2008400 2008401 2008402 2008403
2008410 2008411 2008412 2008413
2008420 2008421 2008422 2008423
2008430 2008431 2008432 2008433
2008440 2008441 2008442 2008443
2008450 2008451 2008452 2008453
2008460 2008461 2008462 2008463
2008470 2008471 2008472 2008473
2008480 2008481 2008482 2008483
2008490 2008491 2008492 2008493
2008500 2008501 2008502 2008503
2008510 2008511 2008512 2008513
2008520 2008521 2008522 2008523
2008530 2008531 2008532 2008533
2008540 2008541 2008542 2008543
2008550 2008551 2008552 2008553
2008560 2008561 2008562 2008563
2008570 2008571 2008572 2008573
2008580 2008581 2008582 2008583
2008590 2008591 2008592 2008593
2008600 2008601 2008602 2008603
2008610 2008611 2008612 2008613
2008620 2008621 2008622 2008623
2008630 2008631 2008632 2008633
2008640 2008641 2008642 2008643
2008650 2008651 2008652 2008653
2008660 2008661 2008662 2008663
2008670 2008671 2008672 2008673
2008680 2008681 2008682 2008683
2008690 2008691 2008692 2008693
2008700 2008701 2008702 2008703
2008710 2008711 2008712 2008713
2008720 2008721 2008722 2008723
2008730 2008731 2008732 2008733
2008740 2008741 2008742 2008743
2008750 2008751 2008752 2008753
2008760 2008761 2008762 2008763
2008770 2008771 2008772 2008773
2008780 2008781 2008782 2008783
2008790 2008791 2008792 2008793
2008800 2008801 2008802 2008803
2008810 2008811 2008812 2008813
2008820 2008821 2008822 2008823
2008830 2008831 2008832 2008833
2008840 2008841 2008842 2008843
2008850 2008851 2008852 2008853
2008860 2008861 2008862 2008863
2008870 2008871 2008872 2008873
2008880 2008881 2008882 2008883
2008890 2008891 2008892 2008893
2008900 2008901 2008902 2008903
2008910 2008911 2008912 2008913
2008920 2008921 2008922 2008923
2008930 2008931 2008932 2008933
2008940 2008941 2008942 2008943
2008950 2008951 2008952 2008953
2008960 2008961 2008962 2008963
2008970 2008971 2008972 2008973
2008980 2008981 2008982 2008983
2008990 2008991 2008992 2008993
2009000 2009001 2009002 2009003
2009010 2009011 2009012 2009013
2009020 2009021 2009022 2009023
2009030 2009031 2009032 2009033
2009040 2009041 2009042 2009043
2009050 2009051 2009052 2009053
2009060 2009061 2009062 2009063
2009070 2009071 2009072 2009073
2009080 2009081 2009082 2009083
2009090 2009091 2009092 2009093
2009100 2009101 2009102 2009103
2009110 2009111 2009112 2009113
2009120 2009121 2009122 2009123
2009130 2009131 2009132 2009133
2009140 2009141 2009142 2009143
2009150 2009151 2009152 2009153
2009160 2009161 2009162 2009163
2009170 2009171 2009172 2009173
2009180 2009181 2009182 2009183
2009190 2009191 2009192 2009193
2009200 2009201 2009202 2009203
2009210 2009211 2009212 2009213
2009220 2009221 2009222 2009223
2009230 2009231 2009232 2009233
2009240 2009241 2009242 2009243
2009250 2009251 2009252 2009253
2009260 2009261 2009262 2009263
2009270 2009271 2009272 2009273
2009280 2009281 2009282 2009283
2009290 2009291 2009292 2009293
2009300 2009301 2009302 2009303
2009310 2009311 2009312 2009313
2009320 2009321 2009322 2009323
2009330 2009331 2009332 2009333
2009340 2009341 2009342 2009343
2009350 2009351 2009352 2009353
2009360 2009361 2009362 2009363
2009370 2009371 2009372 2009373
2009380 2009381 2009382 2009383
2009390 2009391 2009392 2009393
2009400 2009401 2009402 2009403
2009410 2009411 2009412 2009413
2009420 2009421 2009422 2009423
2009430 2009431 2009432 2009433
2009440 2009441 2009442 2009443
2009450 2009451 2009452 2009453
2009460 2009461 2009462 2009463
2009470 2009471 2009472 2009473
2009480 2009481 2009482 2009483
2009490 2009491 2009492 2009493
2009500 2009501 2009502 2009503
2009510 2009511 2009512 2009513
2009520 2009521 2009522 2009523
2009530 2009531 2009532 2009533
2009540 2009541 2009542 2009543
2009550 2009551 2009552 2009553
2009560 2009561 2009562 2009563
2009570 2009571 2009572 2009573
2009580 2009581 2009582 2009583
2009590 2009591 2009592 2009593
2009600 2009601 2009602 2009603
2009610 2009611 2009612 2009613
2009620 2009621 2009622 2009623
2009630 2009631 2009632 2009633
2009640 2009641 2009642 2009643
2009650 2009651 2009652 2009653
2009660 2009661 2009662 2009663
2009670 2009671 2009672 2009673
2009680 2009681 2009682 2009683
2009690 2009691 2009692 2009693
2009700 2009701 2009702 2009703
2009710 2009711 2009712 2009713
2009720 2009721 2009722 2009723
2009730 2009731 2009732 2009733
2009740 2009741 2009742 2009743
2009750 2009751 2009752 2009753
2009760 2009761 2009762 2009763
2009770 2009771 2009772 2009773
2009780 2009781 2009782 2009783
2009790 2009791 2009792 2009793
2009800 2009801 2009802 2009803
2009810 2009811 2009812 2009813
2009820 2009821 2009822 2009823
2009830 2009831 2009832 2009833
2009840 2009841 2009842 2009843
2009850 2009851 2009852 2009853
2009860 2009861 2009862 2009863
2009870 2009871 2009872 2009873
2009880 2009881 2009882 2009883
2009890 2009891 2009892 2009893
2009900 2009901 2009902 2009903
2009910 2009911 2009912 2009913
2009920 2009921 2009922 2009923
2009930 2009931 2009932 2009933
2009940 2009941 2009942 2009943
2009950 2009951 2009952 2009953
2009960 2009961 2009962 2009963
2009970 2009971 2009972 2009973
2009980 2009981 2009982 2009983
2009990 2009991 2009992 2009993
2010000 2010001 2010002 2010003
2010010 2010011 2010012 2010013
2010020 2010021 2010022 2010023
2010030 2010031 2010032 2010033
2010040 2010041 2010042 2010043
2010050 2010051 2010052 2010053
2010060 2010061 2010062 2010063
2010070 2010071 2010072 2010073
2010080 2010081 2010082 2010083
2010090 2010091 2010092 2010093
2010100 2010101 2010102 2010103
2010110 2010111 2010112 2010113
2010120 2010121 2010122 2010123
2010130 2010131 2010132 2010133
2010140 2010141 2010142 2010143
2010150 2010151 2010152 2010153
2010160 2010161 2010162 2010163
2010170 2010171 2010172 2010173
2010180 2010181 2010182 2010183
2010190 2010191 2010192 2010193
2010200 2010201 2010202 2010203
2010210 2010211 2010212 2010213
2010220 2010221 2010222 2010223
2010230 2010231 2010232 2010233
