3000000 3000001
3000010 3000011
3000020 3000021
3000030 3000031
3000040 3000041
3000050 3000051
3000060 3000061
3000070 3000071
3000080 3000081
3000090 3000091
3000100 3000101
3000110 3000111
3000120 3000121
3000130 3000131
3000140 3000141
3000150 3000151
3000160 3000161
3000170 3000171
3000180 3000181
3000190 3000191
3000200 3000201
3000210 3000211
3000220 3000221
3000230 3000231
3000240 3000241
3000250 3000251
3000260 3000261
3000270 3000271
3000280 3000281
3000290 3000291
3000300 3000301
3000310 3000311
3000320 3000321
3000330 3000331
3000340 3000341
3000350 3000351
3000360 3000361
3000370 3000371
3000380 3000381
3000390 3000391
3000400 3000401
3000410 3000411
3000420 3000421
3000430 3000431
3000440 3000441
3000450 3000451
3000460 3000461
3000470 3000471
3000480 3000481
3000490 3000491
3000500 3000501
3000510 3000511
3000520 3000521
3000530 3000531
3000540 3000541
3000550 3000551
3000560 3000561
3000570 3000571
3000580 3000581
3000590 3000591
3000600 3000601
3000610 3000611
3000620 3000621
3000630 3000631
3000640 3000641
3000650 3000651
3000660 3000661
3000670 3000671
3000680 3000681
3000690 3000691
3000700 3000701
3000710 3000711
3000720 3000721
3000730 3000731
3000740 3000741
3000750 3000751
3000760 3000761
3000770 3000771
3000780 3000781
3000790 3000791
3000800 3000801
3000810 3000811
3000820 3000821
3000830 3000831
3000840 3000841
3000850 3000851
3000860 3000861
3000870 3000871
3000880 3000881
3000890 3000891
3000900 3000901
3000910 3000911
3000920 3000921
3000930 3000931
3000940 3000941
3000950 3000951
3000960 3000961
3000970 3000971
3000980 3000981
3000990 3000991
3001000 3001001
3001010 3001011
3001020 3001021
3001030 3001031
3001040 3001041
3001050 3001051
3001060 3001061
3001070 3001071
3001080 3001081
3001090 3001091
3001100 3001101
3001110 3001111
3001120 3001121
3001130 3001131
3001140 3001141
3001150 3001151
3001160 3001161
3001170 3001171
3001180 3001181
3001190 3001191
3001200 3001201
3001210 3001211
3001220 3001221
3001230 3001231
3001240 3001241
3001250 3001251
3001260 3001261
3001270 3001271
3001280 3001281
3001290 3001291
3001300 3001301
3001310 3001311
3001320 3001321
3001330 3001331
3001340 3001341
3001350 3001351
3001360 3001361
3001370 3001371
3001380 3001381
3001390 3001391
3001400 3001401
3001410 3001411
3001420 3001421
3001430 3001431
3001440 3001441
3001450 3001451
3001460 3001461
3001470 3001471
3001480 3001481
3001490 3001491
3001500 3001501
3001510 3001511
3001520 3001521
3001530 3001531
3001540 3001541
3001550 3001551
3001560 3001561
3001570 3001571
3001580 3001581
3001590 3001591
3001600 3001601
3001610 3001611
3001620 3001621
3001630 3001631
3001640 3001641
3001650 3001651
3001660 3001661
3001670 3001671
3001680 3001681
3001690 3001691
3001700 3001701
3001710 3001711
3001720 3001721
3001730 3001731
3001740 3001741
3001750 3001751
3001760 3001761
3001770 3001771
3001780 3001781
3001790 3001791
3001800 3001801
3001810 3001811
3001820 3001821
3001830 3001831
3001840 3001841
3001850 3001851
3001860 3001861
3001870 3001871
3001880 3001881
3001890 3001891
3001900 3001901
3001910 3001911
3001920 3001921
3001930 3001931
3001940 3001941
3001950 3001951
3001960 3001961
3001970 3001971
3001980 3001981
3001990 3001991
3002000 3002001
3002010 3002011
3002020 3002021
3002030 3002031
3002040 3002041
3002050 3002051
3002060 3002061
3002070 3002071
3002080 3002081
3002090 3002091
3002100 3002101
3002110 3002111
3002120 3002121
3002130 3002131
3002140 3002141
3002150 3002151
3002160 3002161
3002170 3002171
3002180 3002181
3002190 3002191
3002200 3002201
3002210 3002211
3002220 3002221
3002230 3002231
3002240 3002241
3002250 3002251
3002260 3002261
3002270 3002271
3002280 3002281
3002290 3002291
3002300 3002301
3002310 3002311
3002320 3002321
3002330 3002331
3002340 3002341
3002350 3002351
3002360 3002361
3002370 3002371
3002380 3002381
3002390 3002391
3002400 3002401
3002410 3002411
3002420 3002421
3002430 3002431
3002440 3002441
3002450 3002451
3002460 3002461
3002470 3002471
3002480 3002481
3002490 3002491
3002500 3002501
3002510 3002511
3002520 3002521
3002530 3002531
3002540 3002541
3002550 3002551
3002560 3002561
3002570 3002571
3002580 3002581
3002590 3002591
3002600 3002601
3002610 3002611
3002620 3002621
3002630 3002631
3002640 3002641
3002650 3002651
3002660 3002661
3002670 3002671
3002680 3002681
3002690 3002691
3002700 3002701
3002710 3002711
3002720 3002721
3002730 3002731
3002740 3002741
3002750 3002751
3002760 3002761
3002770 3002771
3002780 3002781
3002790 3002791
3002800 3002801
3002810 3002811
3002820 3002821
3002830 3002831
3002840 3002841
3002850 3002851
3002860 3002861
3002870 3002871
3002880 3002881
3002890 3002891
3002900 3002901
3002910 3002911
3002920 3002921
3002930 3002931
3002940 3002941
3002950 3002951
3002960 3002961
3002970 3002971
3002980 3002981
3002990 3002991
3003000 3003001
3003010 3003011
3003020 3003021
3003030 3003031
3003040 3003041
3003050 3003051
3003060 3003061
3003070 3003071
3003080 3003081
3003090 3003091
3003100 3003101
3003110 3003111
3003120 3003121
3003130 3003131
3003140 3003141
3003150 3003151
3003160 3003161
3003170 3003171
3003180 3003181
3003190 3003191
3003200 3003201
3003210 3003211
3003220 3003221
3003230 3003231
3003240 3003241
3003250 3003251
3003260 3003261
3003270 3003271
3003280 3003281
3003290 3003291
3003300 3003301
3003310 3003311
3003320 3003321
3003330 3003331
3003340 3003341
3003350 3003351
3003360 3003361
3003370 3003371
3003380 3003381
3003390 3003391
3003400 3003401
3003410 3003411
3003420 3003421
3003430 3003431
3003440 3003441
3003450 3003451
3003460 3003461
3003470 3003471
3003480 3003481
3003490 3003491
3003500 3003501
3003510 3003511
3003520 3003521
3003530 3003531
3003540 3003541
3003550 3003551
3003560 3003561
3003570 3003571
3003580 3003581
3003590 3003591
3003600 3003601
3003610 3003611
3003620 3003621
3003630 3003631
3003640 3003641
3003650 3003651
3003660 3003661
3003670 3003671
3003680 3003681
3003690 3003691
3003700 3003701
3003710 3003711
3003720 3003721
3003730 3003731
3003740 3003741
3003750 3003751
3003760 3003761
3003770 3003771
3003780 3003781
3003790 3003791
3003800 3003801
3003810 3003811
3003820 3003821
3003830 3003831
3003840 3003841
3003850 3003851
3003860 3003861
3003870 3003871
3003880 3003881
3003890 3003891
3003900 3003901
3003910 3003911
3003920 3003921
3003930 3003931
3003940 3003941
3003950 3003951
3003960 3003961
3003970 3003971
3003980 3003981
3003990 3003991
3004000 3004001
3004010 3004011
3004020 3004021
3004030 3004031
3004040 3004041
3004050 3004051
3004060 3004061
3004070 3004071
3004080 3004081
3004090 3004091
3004100 3004101
3004110 3004111
3004120 3004121
3004130 3004131
3004140 3004141
3004150 3004151
3004160 3004161
3004170 3004171
3004180 3004181
3004190 3004191
3004200 3004201
3004210 3004211
3004220 3004221
3004230 3004231
3004240 3004241
3004250 3004251
3004260 3004261
3004270 3004271
3004280 3004281
3004290 3004291
3004300 3004301
3004310 3004311
3004320 3004321
3004330 3004331
3004340 3004341
3004350 3004351
3004360 3004361
3004370 3004371
3004380 3004381
3004390 3004391
3004400 3004401
3004410 3004411
3004420 3004421
3004430 3004431
3004440 3004441
3004450 3004451
3004460 3004461
3004470 3004471
3004480 3004481
3004490 3004491
3004500 3004501
3004510 3004511
3004520 3004521
3004530 3004531
3004540 3004541
3004550 3004551
3004560 3004561
3004570 3004571
3004580 3004581
3004590 3004591
3004600 3004601
3004610 3004611
3004620 3004621
3004630 3004631
3004640 3004641
3004650 3004651
3004660 3004661
3004670 3004671
3004680 3004681
3004690 3004691
3004700 3004701
3004710 3004711
3004720 3004721
3004730 3004731
3004740 3004741
3004750 3004751
3004760 3004761
3004770 3004771
3004780 3004781
3004790 3004791
3004800 3004801
3004810 3004811
3004820 3004821
3004830 3004831
3004840 3004841
3004850 3004851
3004860 3004861
3004870 3004871
3004880 3004881
3004890 3004891
3004900 3004901
3004910 3004911
3004920 3004921
3004930 3004931
3004940 3004941
3004950 3004951
3004960 3004961
3004970 3004971
3004980 3004981
3004990 3004991
3005000 3005001
3005010 3005011
3005020 3005021
3005030 3005031
3005040 3005041
3005050 3005051
3005060 3005061
3005070 3005071
3005080 3005081
3005090 3005091
3005100 3005101
3005110 3005111
3005120 3005121
3005130 3005131
3005140 3005141
3005150 3005151
3005160 3005161
3005170 3005171
3005180 3005181
3005190 3005191
3005200 3005201
3005210 3005211
3005220 3005221
3005230 3005231
3005240 3005241
3005250 3005251
3005260 3005261
3005270 3005271
3005280 3005281
3005290 3005291
3005300 3005301
3005310 3005311
3005320 3005321
3005330 3005331
3005340 3005341
3005350 3005351
3005360 3005361
3005370 3005371
3005380 3005381
3005390 3005391
3005400 3005401
3005410 3005411
3005420 3005421
3005430 3005431
3005440 3005441
3005450 3005451
3005460 3005461
3005470 3005471
3005480 3005481
3005490 3005491
3005500 3005501
3005510 3005511
3005520 3005521
3005530 3005531
3005540 3005541
3005550 3005551
3005560 3005561
3005570 3005571
3005580 3005581
3005590 3005591
3005600 3005601
3005610 3005611
3005620 3005621
3005630 3005631
3005640 3005641
3005650 3005651
3005660 3005661
3005670 3005671
3005680 3005681
3005690 3005691
3005700 3005701
3005710 3005711
3005720 3005721
3005730 3005731
3005740 3005741
3005750 3005751
3005760 3005761
3005770 3005771
3005780 3005781
3005790 3005791
3005800 3005801
3005810 3005811
3005820 3005821
3005830 3005831
3005840 3005841
3005850 3005851
3005860 3005861
3005870 3005871
3005880 3005881
3005890 3005891
3005900 3005901
3005910 3005911
3005920 3005921
3005930 3005931
3005940 3005941
3005950 3005951
3005960 3005961
3005970 3005971
3005980 3005981
3005990 3005991
3006000 3006001
3006010 3006011
3006020 3006021
3006030 3006031
3006040 3006041
3006050 3006051
3006060 3006061
3006070 3006071
3006080 3006081
3006090 3006091
3006100 3006101
3006110 3006111
3006120 3006121
3006130 3006131
3006140 3006141
3006150 3006151
3006160 3006161
3006170 3006171
3006180 3006181
3006190 3006191
3006200 3006201
3006210 3006211
3006220 3006221
3006230 3006231
3006240 3006241
3006250 3006251
3006260 3006261
3006270 3006271
3006280 3006281
3006290 3006291
3006300 3006301
3006310 3006311
3006320 3006321
3006330 3006331
3006340 3006341
3006350 3006351
3006360 3006361
3006370 3006371
3006380 3006381
3006390 3006391
3006400 3006401
3006410 3006411
3006420 3006421
3006430 3006431
3006440 3006441
3006450 3006451
3006460 3006461
3006470 3006471
3006480 3006481
3006490 3006491
3006500 3006501
3006510 3006511
3006520 3006521
3006530 3006531
3006540 3006541
3006550 3006551
3006560 3006561
3006570 3006571
3006580 3006581
3006590 3006591
3006600 3006601
3006610 3006611
3006620 3006621
3006630 3006631
3006640 3006641
3006650 3006651
3006660 3006661
3006670 3006671
3006680 3006681
3006690 3006691
3006700 3006701
3006710 3006711
3006720 3006721
3006730 3006731
3006740 3006741
3006750 3006751
3006760 3006761
3006770 3006771
3006780 3006781
3006790 3006791
3006800 3006801
3006810 3006811
3006820 3006821
3006830 3006831
3006840 3006841
3006850 3006851
3006860 3006861
3006870 3006871
3006880 3006881
3006890 3006891
3006900 3006901
3006910 3006911
3006920 3006921
3006930 3006931
3006940 3006941
3006950 3006951
3006960 3006961
3006970 3006971
3006980 3006981
3006990 3006991
3007000 3007001
3007010 3007011
3007020 3007021
3007030 3007031
3007040 3007041
3007050 3007051
3007060 3007061
3007070 3007071
3007080 3007081
3007090 3007091
3007100 3007101
3007110 3007111
3007120 3007121
3007130 3007131
3007140 3007141
3007150 3007151
3007160 3007161
3007170 3007171
3007180 3007181
3007190 3007191
3007200 3007201
3007210 3007211
3007220 3007221
3007230 3007231
3007240 3007241
3007250 3007251
3007260 3007261
3007270 3007271
3007280 3007281
3007290 3007291
3007300 3007301
3007310 3007311
3007320 3007321
3007330 3007331
3007340 3007341
3007350 3007351
3007360 3007361
3007370 3007371
3007380 3007381
3007390 3007391
3007400 3007401
3007410 3007411
3007420 3007421
3007430 3007431
3007440 3007441
3007450 3007451
3007460 3007461
3007470 3007471
3007480 3007481
3007490 3007491
3007500 3007501
3007510 3007511
3007520 3007521
3007530 3007531
3007540 3007541
3007550 3007551
3007560 3007561
3007570 3007571
3007580 3007581
3007590 3007591
3007600 3007601
3007610 3007611
3007620 3007621
3007630 3007631
3007640 3007641
3007650 3007651
3007660 3007661
3007670 3007671
3007680 3007681
3007690 3007691
3007700 3007701
3007710 3007711
3007720 3007721
3007730 3007731
3007740 3007741
3007750 3007751
3007760 3007761
3007770 3007771
3007780 3007781
3007790 3007791
3007800 3007801
3007810 3007811
3007820 3007821
3007830 3007831
3007840 3007841
3007850 3007851
3007860 3007861
3007870 3007871
3007880 3007881
3007890 3007891
3007900 3007901
3007910 3007911
3007920 3007921
3007930 3007931
3007940 3007941
3007950 3007951
3007960 3007961
3007970 3007971
3007980 3007981
3007990 3007991
3008000 3008001
3008010 3008011
3008020 3008021
3008030 3008031
3008040 3008041
3008050 3008051
3008060 3008061
3008070 3008071
3008080 3008081
3008090 3008091
3008100 3008101
3008110 3008111
3008120 3008121
3008130 3008131
3008140 3008141
3008150 3008151
3008160 3008161
3008170 3008171
3008180 3008181
3008190 3008191
3008200 3008201
3008210 3008211
3008220 3008221
3008230 3008231
3008240 3008241
3008250 3008251
3008260 3008261
3008270 3008271
3008280 3008281
3008290 3008291
3008300 3008301
3008310 3008311
3008320 3008321
3008330 3008331
3008340 3008341
3008350 3008351
3008360 3008361
3008370 3008371
3008380 3008381
3008390 3008391
3008400 3008401
3008410 3008411
3008420 3008421
3008430 3008431
3008440 3008441
3008450 3008451
3008460 3008461
3008470 3008471
3008480 3008481
3008490 3008491
3008500 3008501
3008510 3008511
3008520 3008521
3008530 3008531
3008540 3008541
3008550 3008551
3008560 3008561
3008570 3008571
3008580 3008581
3008590 3008591
3008600 3008601
3008610 3008611
3008620 3008621
3008630 3008631
3008640 3008641
3008650 3008651
3008660 3008661
3008670 3008671
3008680 3008681
3008690 3008691
3008700 3008701
3008710 3008711
3008720 3008721
3008730 3008731
3008740 3008741
3008750 3008751
3008760 3008761
3008770 3008771
3008780 3008781
3008790 3008791
3008800 3008801
3008810 3008811
3008820 3008821
3008830 3008831
3008840 3008841
3008850 3008851
3008860 3008861
3008870 3008871
3008880 3008881
3008890 3008891
3008900 3008901
3008910 3008911
3008920 3008921
3008930 3008931
3008940 3008941
3008950 3008951
3008960 3008961
3008970 3008971
3008980 3008981
3008990 3008991
3009000 3009001
3009010 3009011
3009020 3009021
3009030 3009031
3009040 3009041
3009050 3009051
3009060 3009061
3009070 3009071
3009080 3009081
3009090 3009091
3009100 3009101
3009110 3009111
3009120 3009121
3009130 3009131
3009140 3009141
3009150 3009151
3009160 3009161
3009170 3009171
3009180 3009181
3009190 3009191
3009200 3009201
3009210 3009211
3009220 3009221
3009230 3009231
3009240 3009241
3009250 3009251
3009260 3009261
3009270 3009271
3009280 3009281
3009290 3009291
3009300 3009301
3009310 3009311
3009320 3009321
3009330 3009331
3009340 3009341
3009350 3009351
3009360 3009361
3009370 3009371
3009380 3009381
3009390 3009391
3009400 3009401
3009410 3009411
3009420 3009421
3009430 3009431
3009440 3009441
3009450 3009451
3009460 3009461
3009470 3009471
3009480 3009481
3009490 3009491
3009500 3009501
3009510 3009511
3009520 3009521
3009530 3009531
3009540 3009541
3009550 3009551
3009560 3009561
3009570 3009571
3009580 3009581
3009590 3009591
3009600 3009601
3009610 3009611
3009620 3009621
3009630 3009631
3009640 3009641
3009650 3009651
3009660 3009661
3009670 3009671
3009680 3009681
3009690 3009691
3009700 3009701
3009710 3009711
3009720 3009721
3009730 3009731
3009740 3009741
3009750 3009751
3009760 3009761
3009770 3009771
3009780 3009781
3009790 3009791
3009800 3009801
3009810 3009811
3009820 3009821
3009830 3009831
3009840 3009841
3009850 3009851
3009860 3009861
3009870 3009871
3009880 3009881
3009890 3009891
3009900 3009901
3009910 3009911
3009920 3009921
3009930 3009931
3009940 3009941
3009950 3009951
3009960 3009961
3009970 3009971
3009980 3009981
3009990 3009991
3010000 3010001
3010010 3010011
3010020 3010021
3010030 3010031
3010040 3010041
3010050 3010051
3010060 3010061
3010070 3010071
3010080 3010081
3010090 3010091
3010100 3010101
3010110 3010111
3010120 3010121
3010130 3010131
3010140 3010141
3010150 3010151
3010160 3010161
3010170 3010171
3010180 3010181
3010190 3010191
3010200 3010201
3010210 3010211
3010220 3010221
3010230 3010231
