830
64
910
200
233
368
925
243
586
511
145
82
477
472
686
234
472
961
818
94
800
487
626
715
226
449
175
28
477
741
946
357
552
307
483
200
124
808
775
643
693
779
252
630
188
927
427
751
845
916
871
216
683
266
726
836
621
101
926
390
229
22
520
395
357
376
544
125
578
806
995
327
89
906
454
719
677
75
754
27
53
521
802
932
290
476
722
449
613
773
253
607
647
894
278
723
867
897
350
291
2
527
115
226
697
402
203
779
488
166
236
59
1000
234
576
168
492
92
525
553
30
248
97
740
624
120
288
486
902
346
675
849
19
374
160
467
272
324
312
276
677
617
679
806
580
171
424
617
748
61
897
141
102
444
1000
402
363
869
743
985
905
538
687
956
222
66
751
331
698
707
527
973
80
255
626
151
50
396
82
731
616
380
4
32
236
866
310
795
22
730
877
827
981
177
773
74
567
660
316
900
267
609
306
958
530
155
171
788
394
27
226
512
227
405
342
998
976
679
430
749
509
882
665
389
741
578
596
687
887
26
746
962
815
740
644
38
557
276
127
656
257
101
211
112
662
972
201
26
845
865
638
306
160
659
52
843
435
312
117
261
259
79
837
319
234
98
163
729
231
167
147
862
362
436
874
194
589
196
710
140
213
122
983
409
410
153
206
255
545
237
28
2
890
796
584
837
486
441
579
76
90
244
675
90
873
477
658
29
587
146
316
107
358
237
224
67
780
190
664
336
782
580
274
775
129
947
892
262
41
786
500
712
934
856
83
765
469
62
772
275
346
787
667
91
919
303
34
294
292
708
599
810
60
657
60
328
174
571
501
814
300
41
511
678
982
744
0
132
414
211
874
24
253
47
359
355
606
736
495
859
673
470
804
387
928
578
75
477
876
322
849
80
904
927
438
756
740
956
676
721
921
237
110
654
223
984
20
35
588
770
440
717
888
109
586
739
994
560
698
961
205
749
174
815
333
424
460
428
356
117
38
936
162
857
741
946
21
700
419
990
288
152
628
789
42
382
114
914
417
365
679
729
801
71
0
966
729
553
937
581
772
257
474
437
151
992
835
930
185
943
673
154
171
227
357
284
497
156
928
89
29
342
672
388
183
528
595
406
173
451
28
642
744
321
20
199
38
152
176
158
977
836
52
73
932
468
829
444
250
436
747
251
334
300
325
780
31
464
766
158
415
99
480
540
753
784
647
944
769
152
774
319
686
672
507
608
293
137
78
595
524
948
695
483
57
259
851
150
461
495
786
75
161
382
228
58
116
805
926
478
783
940
250
785
231
80
884
26
876
619
758
815
579
606
859
19
230
789
198
428
570
733
897
378
810
685
354
369
144
212
468
108
409
301
604
872
23
0
814
277
897
21
168
415
952
960
841
535
238
657
340
608
795
449
363
922
122
883
187
557
42
288
350
173
263
570
573
981
15
55
759
592
630
641
508
332
619
469
818
675
36
13
660
999
751
818
436
512
832
200
238
63
428
98
479
32
298
251
951
135
879
286
21
735
479
265
382
821
256
543
428
850
70
442
883
71
148
289
239
928
745
49
696
434
271
31
401
425
135
161
595
405
593
11
787
490
648
435
693
179
419
485
529
19
662
894
733
99
120
518
628
541
973
354
111
57
386
845
355
717
811
987
330
963
35
624
428
263
601
225
911
887
691
730
924
946
652
424
227
17
257
99
929
87
125
786
762
460
647
898
698
343
975
587
515
337
377
150
144
205
375
259
937
519
224
957
180
507
35
870
16
634
545
499
418
359
167
386
470
854
602
370
566
278
977
539
538
965
869
442
284
809
261
271
963
876
658
713
651
268
183
53
399
204
823
779
752
949
432
190
827
718
350
507
983
341
176
608
817
696
215
279
460
162
651
911
175
880
337
863
664
216
505
380
930
114
101
643
958
540
526
453
692
895
924
928
848
452
745
120
786
653
61
595
605
391
941
125
70
739
386
744
262
21
292
983
695
17
654
402
648
391
94
763
508
830
307
907
964
810
685
167
107
841
43
184
726
238
296
645
748
780
485
650
51
128
25
352
636
641
940
341
376
142
995
177
476
359
175
47
743
744
512
276
24
92
242
240
657
863
815
582
462
86
426
391
158
174
167
610
870
568
842
455
695
290
378
895
784
626
908
873
890
110
466
230
182
183
848
404
356
67
835
939
325
223
663
672
753
534
383
862
937
158
967
250
850
717
902
897
627
140
452
929
566
764
548
357
322
875
895
68
107
283
864
526
377
358
316
104
177
426
809
227
356
988
168
895
905
495
460
934
687
181
679
997
469
689
662
605
296
546
899
36
792
557
113
545
44
706
155
853
370
982
209
995
640
503
364
656
624
642
406
278
785
915
281
877
599
940
828
606
773
696
824
347
429
159
763
484
505
19
459
198
636
649
541
47
284
670
692
702
765
300
64
356
676
614
232
327
703
532
472
922
56
469
396
452
91
617
930
677
958
654
88
452
698
569
845
85
250
395
311
571
43
731
178
421
6
351
338
187
812
994
350
660
300
679
312
704
842
733
918
221
292
502
139
879
391
754
27
823
333
37
315
694
136
494
91
936
635
579
504
314
345
922
798
461
837
158
243
286
649
298
871
805
664
337
864
272
297
328
187
500
474
929
745
425
86
408
233
166
8
455
696
760
102
689
318
716
796
382
864
619
24
826
284
420
652
148
666
962
660
698
960
301
781
269
878
457
749
908
244
92
202
145
23
915
772
653
520
583
253
395
305
64
101
384
650
869
169
787
261
475
489
833
311
30
158
695
369
151
738
358
706
308
877
448
567
441
996
672
142
414
92
300
591
658
635
901
260
682
479
287
577
555
423
724
290
47
411
814
225
853
95
215
267
683
724
181
984
19
944
212
55
779
379
281
468
111
430
264
436
959
741
266
723
956
961
513
759
239
784
500
917
504
617
591
88
987
805
268
224
159
360
729
582
872
20
810
119
383
915
393
422
203
210
544
406
621
958
832
775
795
277
219
386
392
188
317
498
78
953
124
772
104
21
926
409
706
100
809
288
129
535
735
614
591
732
421
528
724
52
866
965
853
94
3
460
254
714
313
378
285
252
270
537
147
51
852
515
698
993
660
704
688
631
506
91
970
862
182
751
205
196
200
265
716
506
594
253
537
653
616
218
590
512
865
411
117
916
917
968
473
499
50
297
290
713
643
13
162
866
662
638
806
20
596
639
948
141
887
704
719
858
250
627
83
273
886
210
849
740
301
924
933
550
861
2
184
990
524
518
414
341
853
885
413
80
499
892
791
884
536
810
856
799
171
190
257
857
565
255
160
35
882
837
143
117
411
328
371
666
473
396
258
390
916
858
64
277
918
109
874
252
468
193
419
673
550
853
389
135
426
736
242
501
627
386
930
468
818
725
149
426
87
393
722
13
285
471
298
621
212
927
6
163
825
488
321
734
778
874
857
505
815
176
865
644
850
190
399
455
338
250
548
196
340
612
593
667
815
341
272
285
665
742
14
539
228
284
818
642
301
259
821
113
634
601
216
29
745
600
765
852
320
834
154
564
73
434
616
694
437
732
485
927
99
782
494
967
766
865
940
233
739
607
1
923
48
896
697
446
973
524
327
58
834
418
454
979
889
525
272
398
792
957
512
199
291
772
17
60
152
310
260
766
699
881
475
745
148
674
547
14
727
376
399
107
271
21
316
634
314
84
932
514
745
180
246
163
991
55
66
45
565
842
754
339
125
541
467
906
465
551
56
788
47
888
522
586
976
990
112
124
758
488
224
634
689
774
887
140
313
613
564
99
456
150
875
292
761
216
11
365
382
371
304
299
61
646
917
45
72
686
454
817
944
640
889
354
263
423
774
760
973
924
788
949
248
237
298
630
44
338
404
95
880
911
753
665
41
846
521
311
264
930
603
447
494
733
773
718
847
339
599
734
715
547
755
813
609
936
872
628
85
406
136
261
401
569
757
720
173
793
226
45
169
626
124
449
467
213
109
13
343
807
945
952
407
356
765
506
19
531
13
485
86
657
406
887
155
207
808
983
681
474
234
14
597
23
146
635
727
717
68
526
76
7
127
25
509
980
892
495
385
969
665
42
342
678
271
15
488
13
727
849
932
637
942
387
59
591
639
972
579
728
444
226
699
136
198
406
408
525
556
530
500
167
973
564
640
804
849
418
154
568
364
774
271
479
393
730
258
969
660
702
187
162
280
53
812
503
62
925
797
157
484
182
891
52
759
767
624
662
730
128
210
220
733
558
305
542
764
34
976
719
17
30
473
593
451
585
987
829
630
233
553
178
690
906
374
451
672
928
855
162
702
123
929
723
599
212
973
844
505
796
737
980
430
96
877
705
367
956
707
980
807
720
974
8
705
247
218
266
853
539
493
180
318
843
325
295
27
431
340
628
530
499
141
815
22
955
861
1000
252
536
364
648
302
814
73
880
14
649
456
884
602
522
713
32
16
638
214
754
802
444
508
880
120
39
318
651
99
898
306
473
20
175
63
318
504
867
430
780
720
697
972
872
936
342
565
466
168
727
999
175
103
845
345
51
616
941
650
260
758
469
712
912
436
557
744
126
179
723
176
500
847
777
482
989
748
326
948
126
893
433
697
969
765
547
610
231
753
431
867
933
255
987
332
456
745
817
971
798
296
608
474
513
896
381
907
672
838
66
82
169
296
82
635
599
295
906
101
332
951
269
155
632
86
380
1000
963
426
462
91
498
636
132
459
220
773
769
934
159
365
871
756
407
374
352
132
592
344
426
374
19
421
145
870
944
401
33
612
631
349
594
164
405
522
13
495
391
398
198
401
888
299
218
380
508
656
926
719
83
226
403
16
404
747
975
494
509
655
325
248
953
949
126
750
322
749
169
551
828
169
655
249
152
957
88
343
196
96
309
946
320
808
541
678
552
51
612
611
519
442
995
880
805
405
659
179
354
254
62
428
467
303
330
88
455
907
906
10
121
216
1000
367
767
330
813
517
111
681
999
116
588
343
223
189
590
581
352
675
750
759
252
438
402
813
915
329
926
48
470
118
158
833
928
880
799
55
523
710
704
259
20
299
847
592
999
267
480
538
311
371
437
289
183
27
315
450
331
833
680
814
511
624
963
21
539
887
756
58
79
749
617
519
67
957
16
783
452
779
959
644
553
45
436
955
266
848
320
876
584
525
279
659
1
229
886
167
111
661
892
618
936
426
779
668
557
642
331
547
6
322
964
107
803
322
81
472
389
827
508
237
287
570
380
656
335
466
178
795
98
517
821
240
243
288
210
747
746
780
797
508
546
959
785
200
752
812
290
311
962
922
762
440
974
324
489
581
429
1
610
695
591
361
427
890
180
878
776
695
563
694
589
999
26
381
887
12
426
144
858
755
248
605
200
142
295
717
753
133
340
381
149
983
487
828
276
883
185
213
925
771
715
630
633
278
57
859
223
218
775
33
801
418
660
745
71
555
374
362
366
8
471
81
549
156
436
308
932
693
380
359
467
334
918
394
158
270
419
419
878
159
111
204
651
966
848
104
385
993
230
407
270
436
143
603
122
302
130
481
289
349
470
514
23
337
439
957
798
618
613
628
165
814
545
326
177
18
462
176
936
347
251
592
951
510
978
969
680
237
992
636
236
72
272
49
903
810
984
132
409
518
250
704
848
435
316
292
789
540
507
938
45
699
571
868
501
556
464
673
999
152
794
764
208
424
112
595
688
501
812
660
19
889
608
378
759
577
605
732
847
777
949
337
716
537
78
551
679
679
166
539
639
448
575
557
508
246
330
600
625
581
964
177
99
586
651
219
211
688
463
650
764
536
87
131
548
489
385
597
958
349
814
997
960
320
536
391
852
324
816
488
48
286
298
709
452
840
444
333
637
338
30
325
118
592
298
607
177
641
114
691
421
999
997
175
382
546
724
877
341
961
679
760
632
730
923
124
864
296
934
629
374
669
430
753
423
306
106
130
594
199
232
661
660
56
435
846
301
361
200
445
881
931
64
508
385
88
322
831
137
250
443
681
807
478
112
755
866
765
847
493
291
593
59
907
457
294
186
765
718
618
250
947
393
225
976
945
293
483
808
450
733
436
188
370
304
520
241
831
499
71
52
95
998
609
695
781
547
560
405
871
400
574
46
765
271
789
457
162
971
808
416
360
485
546
618
383
554
28
764
358
966
96
290
386
332
648
836
580
743
337
983
30
522
729
271
299
92
588
237
371
379
99
593
999
137
938
747
849
278
994
509
393
59
300
123
6
48
976
169
8
644
349
52
930
832
482
779
620
61
343
219
951
214
94
184
338
689
460
553
10
606
853
905
531
289
386
509
81
597
207
413
485
572
291
585
31
694
771
138
221
186
252
767
66
509
234
951
246
723
867
357
833
989
275
27
887
343
369
289
895
96
507
443
267
378
92
675
6
841
834
130
413
299
544
72
112
174
1
410
699
53
250
435
935
262
604
233
763
0
570
486
368
64
536
191
552
893
431
104
538
419
310
259
640
359
391
609
684
828
239
167
829
990
647
952
757
931
887
354
270
902
353
287
339
173
548
512
65
913
631
199
801
616
808
686
430
828
545
441
4
428
82
585
765
113
281
101
236
570
487
165
920
560
382
740
849
762
994
800
109
103
73
680
116
498
590
802
712
950
5
254
271
903
755
713
885
172
888
647
486
251
686
127
503
6
165
55
584
780
423
704
916
914
385
554
194
999
490
711
934
726
519
395
944
559
853
435
639
762
852
194
607
917
693
697
879
840
161
77
286
837
380
310
260
742
735
581
803
64
471
777
217
380
409
801
156
290
952
156
240
229
468
565
796
