120
868
30
320
525
646
1000
922
293
278
756
470
455
159
534
370
560
392
173
23
293
790
454
268
321
581
523
22
14
413
212
412
667
930
694
116
837
112
561
355
246
350
13
949
547
467
887
833
470
461
318
351
933
381
1
536
298
208
202
924
404
583
308
572
589
271
779
420
11
678
878
626
889
660
975
602
34
217
432
133
222
814
261
256
361
713
38
855
652
404
380
9
750
306
940
175
910
663
336
379
961
762
471
557
969
235
837
737
82
418
287
134
561
946
2
643
144
454
806
406
417
814
65
216
438
622
442
456
504
312
948
899
195
256
530
781
424
159
251
797
409
801
203
642
890
15
951
557
530
790
431
792
61
875
764
203
541
455
53
132
684
696
781
623
819
94
697
232
806
114
96
551
438
416
494
866
962
527
711
625
66
696
732
943
741
372
631
90
577
440
817
59
671
651
389
74
893
296
122
358
296
476
707
685
785
9
564
425
54
508
32
823
39
700
960
584
488
34
141
611
127
409
903
553
11
160
73
252
42
126
0
774
79
992
529
781
707
227
287
112
719
179
55
190
605
658
151
884
195
901
610
64
396
789
383
315
148
572
567
498
599
626
995
752
496
53
445
901
344
598
380
236
4
654
445
911
550
611
417
661
240
186
324
278
712
716
138
256
916
618
457
426
108
436
350
754
999
218
649
543
194
615
909
847
169
686
892
252
984
676
118
657
808
556
458
502
154
618
819
94
57
413
690
120
715
608
38
22
301
290
396
382
868
949
883
385
771
574
655
776
807
793
17
689
318
117
249
811
307
688
246
26
392
967
605
683
534
117
650
240
757
181
319
642
212
563
684
588
203
483
257
808
935
401
115
318
580
368
261
217
742
532
601
200
775
501
485
996
615
633
464
1000
299
486
738
630
928
868
425
884
694
230
846
365
48
191
506
16
63
217
249
37
383
933
991
877
77
756
318
96
9
394
892
652
665
829
754
740
306
702
848
649
141
16
525
343
904
516
3
532
415
228
214
340
515
268
647
800
937
375
271
956
139
564
556
812
814
134
299
28
264
242
458
825
211
250
653
633
900
648
432
513
31
134
630
38
878
385
62
433
256
766
585
398
489
809
938
371
689
582
416
197
380
937
644
879
593
434
150
544
258
270
299
839
816
902
343
328
454
246
6
160
266
583
986
307
63
247
324
14
76
336
660
784
627
624
427
422
147
971
864
501
923
812
72
560
937
345
660
470
686
423
814
975
888
548
622
850
140
188
450
91
682
921
112
960
373
268
976
641
303
906
801
626
427
569
443
489
328
627
861
355
906
582
803
610
429
762
434
178
693
546
101
428
828
805
22
461
321
354
708
147
246
253
213
147
110
51
797
906
296
428
835
824
155
392
924
7
306
423
327
756
55
149
69
186
820
768
250
772
879
415
557
620
278
579
987
156
815
615
960
434
882
345
88
133
869
152
435
942
887
421
130
229
24
837
135
423
336
499
756
634
495
742
16
935
610
295
407
297
492
436
723
253
131
306
12
814
270
108
817
309
821
266
299
868
175
844
659
105
359
435
266
128
167
570
952
224
574
265
488
543
55
893
640
492
387
669
890
668
676
777
982
421
909
187
758
476
300
5
321
718
595
94
752
871
513
602
815
260
507
57
409
968
679
93
671
118
430
921
815
425
303
573
447
180
307
250
42
737
443
446
171
743
587
854
703
144
459
774
513
995
223
39
757
938
655
244
494
886
450
926
774
695
696
847
244
194
447
260
615
189
760
782
449
517
84
433
323
603
29
759
364
858
470
618
191
667
315
487
991
23
716
118
288
77
915
874
650
631
970
542
616
274
189
58
1000
752
90
723
293
608
57
121
933
916
338
718
484
307
343
138
174
122
824
190
850
241
903
764
285
273
772
151
490
766
488
182
926
771
544
765
647
751
639
813
946
545
509
687
93
325
67
548
784
965
794
401
157
526
284
388
383
549
515
142
552
29
430
922
924
736
488
532
98
964
128
902
788
996
979
174
172
916
386
295
461
520
592
237
193
942
610
516
860
289
435
732
498
305
189
586
248
614
77
556
179
4
635
917
754
589
298
433
802
289
250
833
481
697
94
324
939
976
667
109
644
459
537
12
991
642
569
624
142
33
433
917
964
322
247
983
248
263
80
213
4
564
633
13
643
945
683
267
178
846
288
178
33
944
992
369
552
675
110
675
691
167
549
999
519
884
360
296
52
315
501
736
345
197
163
71
304
965
240
951
893
707
641
206
640
173
476
544
641
950
964
991
661
898
85
675
28
36
690
66
477
326
337
334
620
978
88
123
828
890
2
959
11
833
807
885
657
775
510
843
921
886
160
341
180
657
989
222
144
811
381
60
260
320
836
695
141
531
723
591
622
799
494
10
69
58
624
506
13
747
73
320
439
96
133
19
737
730
473
189
492
915
922
187
262
690
421
264
239
829
520
254
615
497
570
518
203
427
91
303
357
8
996
631
831
864
518
234
511
946
806
209
443
110
879
671
844
251
698
344
740
509
10
22
783
177
914
37
446
352
626
876
304
894
389
634
507
733
862
801
372
716
406
876
15
885
620
296
307
919
236
439
989
944
178
955
263
756
367
651
208
626
948
409
972
93
363
184
658
566
865
261
316
785
283
463
617
536
205
291
980
323
123
379
456
238
333
113
309
908
42
697
565
439
495
78
914
158
657
636
749
679
109
372
110
764
181
422
853
320
278
712
240
282
738
282
154
195
449
81
167
348
995
614
524
917
118
331
28
763
114
353
933
811
610
227
662
560
172
406
694
412
664
324
200
920
259
260
916
861
260
292
146
782
911
993
562
47
408
996
480
897
497
178
765
134
131
705
576
589
558
154
210
652
604
941
800
977
615
774
400
695
810
82
65
397
943
523
694
356
961
689
761
136
357
754
481
41
443
440
960
296
100
267
108
176
392
89
25
790
109
773
104
114
527
170
968
398
405
162
129
259
911
872
19
983
318
371
739
42
315
451
501
576
974
453
161
40
834
479
453
923
723
289
247
204
487
718
874
430
673
753
421
100
589
706
761
83
63
502
706
29
894
638
548
606
765
505
924
401
445
327
639
857
116
443
975
806
366
181
27
16
591
658
738
63
280
927
420
151
517
454
890
617
643
367
587
30
789
415
290
69
582
403
674
374
21
651
536
715
997
844
783
968
358
80
836
230
550
991
696
641
767
25
614
960
991
397
980
480
194
290
579
919
538
914
321
355
343
348
466
913
480
36
239
558
843
169
110
52
460
8
435
402
852
26
805
285
247
664
631
343
681
865
924
748
533
201
267
948
522
276
109
838
253
825
79
573
123
254
873
925
511
498
630
891
780
27
435
491
924
276
975
751
25
716
225
186
861
973
902
247
94
700
705
290
915
367
671
744
531
808
683
956
691
257
930
14
669
965
314
698
408
537
662
774
771
144
383
421
665
625
864
206
40
922
285
845
277
732
373
581
899
317
239
866
567
649
325
135
926
869
760
18
346
802
107
72
414
951
573
41
986
544
637
562
35
661
171
338
140
416
716
591
396
827
437
241
76
614
623
459
223
921
572
115
676
618
612
524
293
530
874
965
303
632
562
969
328
190
567
147
531
70
631
767
738
383
919
757
294
157
401
469
256
715
177
881
936
142
46
771
744
888
732
322
429
324
194
649
776
775
779
602
957
559
268
528
973
191
813
599
660
503
888
959
836
741
170
274
966
241
57
118
864
13
438
797
791
937
4
788
85
525
212
182
166
640
532
625
268
902
371
640
537
176
574
446
863
48
977
6
638
574
468
630
657
504
552
128
184
281
687
186
306
732
621
453
608
553
847
106
314
389
26
650
80
758
528
820
389
934
413
645
667
75
404
129
971
347
270
449
994
353
797
369
408
43
512
34
561
999
303
95
190
152
377
206
61
787
927
984
870
269
95
892
666
7
285
888
800
173
803
999
335
169
263
591
940
21
242
711
48
129
857
286
418
963
867
641
769
759
787
899
983
158
201
350
727
127
724
126
951
701
235
89
71
580
10
139
780
77
787
80
800
830
172
86
361
747
807
709
103
150
384
990
146
444
90
143
408
367
814
964
828
789
96
666
957
645
436
959
866
597
581
936
778
906
382
44
835
366
33
479
432
36
171
373
77
74
621
47
846
369
395
690
728
661
734
437
112
671
931
359
957
16
458
407
337
821
466
509
599
513
21
964
983
566
802
390
445
891
494
510
730
80
494
271
46
367
255
858
694
207
811
267
223
427
893
28
647
74
448
67
58
323
834
239
413
647
831
289
751
350
567
601
115
543
61
956
394
519
553
785
964
964
606
613
425
453
0
895
228
749
26
609
282
426
999
284
786
879
778
54
662
437
826
802
793
599
391
463
132
428
118
604
520
385
405
663
41
633
761
697
628
647
547
818
140
328
832
238
208
781
425
3
848
169
350
90
228
85
679
997
293
541
431
674
194
3
588
500
383
338
269
844
316
291
435
212
535
896
312
191
505
665
209
247
665
717
62
636
575
301
220
376
101
250
937
928
328
882
299
838
712
405
945
429
471
792
479
773
439
700
372
211
226
933
772
604
180
890
602
401
81
257
667
390
115
978
108
999
492
74
370
914
244
630
371
389
153
664
908
584
390
436
930
182
892
5
405
869
498
704
647
75
24
431
311
442
226
689
720
174
495
229
368
993
42
64
209
59
770
938
572
606
20
180
815
249
233
355
280
222
278
320
652
431
678
406
112
218
900
713
55
168
781
516
84
36
305
801
172
117
385
27
187
152
438
773
606
585
484
497
78
432
243
968
135
522
744
833
359
692
864
55
518
46
267
468
623
115
422
555
449
895
287
673
826
89
40
769
712
834
19
449
160
438
961
312
157
380
267
899
991
579
302
391
907
35
791
993
353
823
664
163
95
472
180
378
189
217
121
853
355
274
730
450
855
396
754
914
263
399
510
815
188
128
150
59
890
755
22
989
378
926
45
863
569
563
629
109
558
315
386
773
294
239
931
604
222
542
975
665
362
575
936
637
11
804
138
230
692
233
36
954
302
276
340
885
428
476
140
885
460
107
711
890
486
540
319
791
48
337
934
662
190
885
138
413
458
972
549
780
257
474
738
764
700
649
75
584
575
477
485
27
235
314
462
11
17
226
967
665
102
689
151
322
554
681
124
629
727
990
229
478
517
459
969
422
121
823
540
989
722
921
472
300
528
719
191
103
894
51
626
442
590
432
965
13
773
129
269
660
654
981
418
346
859
813
269
740
831
177
325
417
649
939
768
365
838
578
574
681
106
286
490
5
670
460
797
6
864
174
368
915
192
213
710
904
116
998
360
153
542
571
827
817
509
751
372
228
651
274
213
559
889
386
597
856
266
348
170
48
435
543
195
860
285
894
457
74
94
853
563
634
186
145
748
555
119
290
928
322
57
211
69
909
704
132
628
900
642
916
563
380
731
186
551
934
468
23
981
181
490
311
686
615
907
890
412
354
640
868
286
795
8
327
995
854
679
903
815
195
334
83
765
325
138
437
429
680
150
214
964
3
852
875
335
94
118
834
949
652
315
863
904
820
491
209
755
554
165
106
156
830
57
211
710
711
967
492
405
369
54
83
578
355
393
288
614
475
77
430
803
620
721
983
557
916
553
147
749
545
409
752
165
684
15
539
402
352
243
747
664
867
564
11
961
845
553
449
296
328
757
136
77
102
290
203
39
30
592
552
467
183
874
295
823
895
493
665
560
23
460
725
13
264
704
582
327
72
459
184
183
583
942
404
21
586
315
416
108
773
12
848
868
456
434
838
418
487
521
257
605
523
341
52
94
914
504
891
88
303
52
226
424
720
176
330
450
691
660
439
162
309
726
304
941
257
735
110
727
972
21
646
829
907
267
986
539
435
502
402
746
399
556
490
618
348
515
405
670
632
55
329
218
603
985
500
256
232
330
23
346
289
320
754
185
33
944
70
396
654
399
465
782
26
734
646
612
943
719
274
565
131
546
874
716
518
616
605
638
427
702
232
890
334
806
14
575
871
969
338
842
310
246
471
726
715
660
941
676
544
226
549
775
465
148
48
982
629
526
204
72
903
293
249
479
483
460
442
933
177
15
619
528
752
607
402
182
472
582
352
868
393
612
318
342
88
245
911
874
591
43
109
63
798
406
298
495
214
544
846
849
167
237
278
215
417
395
937
329
671
94
687
848
951
209
0
538
966
648
625
712
479
327
902
631
622
502
636
87
483
151
180
505
130
81
346
729
833
539
84
110
616
278
748
922
736
269
295
703
124
442
827
25
746
949
242
499
736
115
695
473
788
99
897
630
681
325
690
500
246
57
146
563
38
727
221
2
628
137
402
16
277
859
374
480
162
425
840
334
447
636
846
564
352
802
514
1000
5
616
145
928
274
698
512
184
747
175
263
40
799
826
679
652
812
847
665
950
245
920
768
509
322
442
287
456
799
622
197
654
820
606
583
959
176
626
64
623
525
900
405
10
836
358
206
187
825
711
733
521
114
722
761
221
126
937
421
31
357
980
499
213
636
833
343
269
288
950
114
473
330
64
701
230
36
953
821
124
838
904
648
986
725
730
477
989
336
367
601
29
28
89
303
960
762
779
25
224
153
231
648
987
406
876
21
824
363
230
569
100
627
431
442
792
41
624
565
112
766
776
359
340
494
250
621
306
675
996
142
467
380
178
569
916
255
88
259
582
22
499
948
481
850
319
940
490
889
12
305
807
116
53
350
230
862
627
324
690
84
847
274
619
719
875
104
32
86
5
57
810
250
746
219
860
556
947
684
966
476
413
487
