333
364
216
824
432
998
729
996
80
697
918
0
899
901
161
420
380
793
548
223
619
94
762
588
627
6
741
59
195
910
640
561
892
600
28
98
925
939
483
427
173
385
692
72
29
347
620
930
237
50
402
287
775
544
267
560
95
29
310
423
334
311
61
512
38
157
192
745
1000
496
159
797
646
727
990
488
428
375
951
894
506
303
413
443
971
668
949
802
690
270
38
742
757
425
738
123
430
834
444
923
530
420
496
138
683
971
347
949
410
141
214
613
281
262
751
404
635
468
384
990
663
81
73
840
287
752
197
503
549
301
957
246
466
683
506
111
653
533
276
378
106
472
522
956
256
421
431
467
442
57
722
339
965
180
431
997
602
805
932
897
636
883
702
190
931
461
994
814
15
792
0
228
237
971
680
347
526
271
714
306
561
717
788
658
4
376
529
817
696
139
185
885
709
820
626
933
770
988
600
246
481
198
112
285
637
535
881
571
784
605
980
434
8
964
607
261
270
309
390
371
786
256
718
838
149
645
796
86
67
776
368
628
929
887
118
60
913
501
539
488
790
819
51
939
604
643
910
973
483
402
606
396
545
206
169
240
261
531
141
363
743
878
347
701
924
706
382
639
50
188
657
929
851
113
627
535
766
786
606
671
945
654
978
81
714
782
640
721
909
144
1
821
967
837
80
701
189
632
103
917
182
821
748
70
235
83
47
764
937
120
802
43
684
203
195
369
501
422
454
312
172
126
666
997
338
449
372
486
339
248
100
41
78
28
912
490
557
549
128
151
722
265
402
230
78
519
988
756
826
653
637
209
900
202
495
955
348
636
530
896
488
363
105
959
326
645
875
489
977
574
899
134
593
193
622
112
870
341
673
355
670
898
120
777
613
598
973
588
117
215
553
94
879
397
970
799
196
438
5
677
743
884
506
567
140
809
174
787
953
123
444
226
244
240
768
809
567
889
451
951
437
522
272
632
65
89
844
252
824
257
587
227
296
458
883
286
587
479
907
604
343
693
504
777
739
240
140
751
814
535
580
578
784
303
574
691
566
476
595
228
623
54
480
444
388
2
919
612
245
788
502
470
47
753
826
610
346
216
492
344
385
255
652
368
369
379
272
211
811
815
150
153
51
876
231
838
350
994
422
805
467
555
204
577
972
855
942
224
380
85
311
856
77
886
657
403
367
150
780
576
142
254
847
808
607
434
117
918
180
149
896
199
963
84
899
123
15
834
324
485
314
164
413
397
499
967
236
189
113
387
153
791
769
842
719
259
53
553
373
57
708
278
143
706
112
3
417
468
764
2
530
844
406
499
797
294
966
778
944
621
478
450
765
746
659
530
754
454
116
930
433
899
93
347
289
361
929
106
619
551
358
801
190
551
790
230
546
776
795
299
982
274
287
961
649
753
351
859
906
618
328
16
160
945
386
761
658
485
799
417
802
701
914
238
770
41
849
222
510
966
752
508
179
260
713
441
469
951
668
248
458
494
310
921
963
854
608
450
152
968
608
695
588
19
632
144
742
548
673
251
626
50
860
213
516
868
752
342
518
55
741
390
194
429
662
990
747
745
133
118
755
28
891
929
667
923
43
383
191
122
540
456
294
65
897
901
420
224
701
332
238
993
12
181
325
914
49
922
459
811
89
859
539
567
405
465
503
972
823
320
483
393
225
85
179
459
116
875
213
908
943
382
163
489
25
958
702
389
688
341
687
809
787
930
638
824
78
761
517
634
662
647
90
261
350
350
41
844
615
172
420
902
844
51
274
866
320
843
747
482
656
853
109
120
62
857
701
850
312
111
308
832
395
903
117
571
793
189
878
753
942
749
790
593
453
305
774
42
2
693
918
61
848
561
343
617
181
399
505
678
852
413
378
259
583
323
757
138
352
825
231
10
515
838
318
739
478
461
724
407
294
146
451
429
126
358
499
821
442
155
120
174
641
368
38
10
632
630
5
862
602
605
125
943
879
460
504
279
3
138
798
24
378
148
9
576
62
996
83
247
41
109
764
698
245
957
921
43
265
176
596
204
933
952
60
117
722
804
746
366
413
551
328
537
629
232
853
953
179
758
669
765
683
564
849
883
648
315
968
273
470
87
190
763
428
473
458
392
591
45
191
121
743
555
174
688
997
370
187
571
995
759
174
617
578
142
412
457
251
274
39
120
169
935
397
760
283
167
240
607
553
553
849
73
343
467
396
119
122
20
867
783
943
49
169
229
213
963
228
228
605
538
855
786
192
66
14
602
471
873
751
863
682
241
123
484
403
924
367
563
33
352
277
666
476
861
278
482
198
798
952
28
75
732
73
663
868
898
8
413
125
344
379
815
565
859
550
468
72
48
630
677
14
813
702
547
202
858
569
225
729
82
953
305
450
697
907
392
929
419
534
590
190
537
546
3
622
401
597
369
647
59
893
685
871
479
125
41
688
98
39
438
978
727
38
424
266
580
402
573
886
460
145
100
853
582
93
626
243
34
969
946
493
897
474
905
964
958
709
280
71
471
437
172
629
951
489
224
281
656
639
988
83
782
104
330
592
170
866
61
242
686
20
611
922
829
708
807
666
479
661
325
942
830
813
200
338
173
543
688
704
284
713
835
831
773
169
482
483
757
86
224
35
656
589
179
779
739
352
121
767
837
100
533
333
811
836
237
797
36
276
523
461
916
134
533
340
877
575
442
611
489
869
977
186
664
113
653
175
407
583
617
507
571
845
290
790
98
996
475
961
937
313
669
585
34
702
823
848
662
766
249
503
706
471
924
815
165
750
593
7
832
2
862
619
858
772
479
314
628
184
840
799
936
829
589
458
385
74
449
267
10
876
791
315
769
169
469
882
61
620
965
924
508
827
859
564
282
760
369
704
27
913
972
187
595
694
832
142
601
225
108
21
501
244
903
866
510
844
14
714
233
169
486
931
998
835
292
396
170
240
616
513
29
815
444
551
74
831
910
679
416
466
975
104
128
685
874
730
984
709
370
336
253
216
750
44
643
487
811
605
198
439
349
486
389
335
800
429
320
607
46
280
545
623
799
442
288
951
480
176
406
738
569
600
974
909
438
31
108
808
345
861
669
963
376
2
272
101
146
31
146
122
764
597
449
194
25
62
332
925
495
331
439
305
48
742
818
883
996
867
200
734
468
331
254
469
387
961
146
62
679
754
477
896
849
970
769
664
725
254
282
511
477
998
832
952
414
352
532
547
845
272
555
477
599
210
558
477
255
371
645
977
515
412
263
404
320
520
97
289
840
901
740
595
994
925
240
314
822
637
370
164
333
222
997
76
980
346
13
735
157
497
263
71
568
387
63
303
447
459
838
228
299
571
706
21
587
117
538
187
618
239
880
432
465
786
461
311
573
7
905
758
523
387
277
327
509
24
770
897
787
13
892
187
339
767
8
78
392
