367
266
666
838
516
695
292
98
782
152
86
220
624
375
339
544
798
772
693
791
280
886
386
887
181
854
314
597
277
16
886
534
421
515
537
157
668
493
352
910
232
76
122
209
843
332
17
333
545
742
854
178
459
333
357
204
365
841
446
483
71
731
322
162
479
175
692
932
501
84
586
666
339
794
74
225
149
416
630
95
562
289
912
525
362
565
731
403
167
249
913
876
529
892
865
175
64
619
874
996
821
32
413
517
218
792
270
32
326
428
303
84
992
260
798
52
765
805
446
585
708
296
999
183
96
256
596
461
517
720
88
568
538
517
668
288
757
578
789
852
795
463
23
776
115
765
440
137
20
531
713
20
410
899
668
62
345
975
914
975
388
615
815
512
121
886
541
96
872
585
377
246
434
155
261
223
405
232
419
543
496
127
262
46
240
26
292
643
735
86
921
327
650
873
233
245
983
610
701
10
95
815
214
989
804
14
874
938
864
455
653
317
676
437
328
519
796
923
86
857
913
921
555
156
382
803
584
46
672
275
812
671
882
99
972
370
737
886
502
873
352
573
756
44
932
465
873
860
99
276
238
353
194
909
381
820
949
938
893
608
868
846
502
470
368
297
747
832
636
353
898
795
540
121
662
830
244
249
80
856
812
420
310
611
745
694
296
400
140
733
164
436
681
328
914
406
445
778
997
960
825
836
363
979
458
487
736
372
693
370
471
855
781
937
160
834
263
966
978
206
720
314
518
996
670
356
617
649
748
594
866
400
245
19
630
117
441
739
187
669
452
423
960
434
112
147
133
848
627
263
3
100
385
701
397
421
541
399
783
836
83
828
73
113
163
595
281
262
943
243
21
294
857
850
593
457
941
921
332
163
120
959
64
818
275
726
874
47
680
558
572
207
742
432
261
749
186
285
352
870
685
536
270
581
920
666
932
43
424
932
436
975
380
916
728
947
567
479
954
938
650
647
393
762
683
182
628
232
335
175
293
896
359
791
581
62
622
512
180
837
460
848
515
301
638
299
411
420
906
608
197
54
468
410
254
8
383
300
870
135
654
514
329
238
169
621
391
814
434
628
344
516
980
739
149
900
385
529
67
360
567
547
614
401
80
251
9
447
370
381
151
175
208
42
478
538
360
235
697
658
925
917
676
598
814
30
191
969
472
236
306
283
307
511
155
554
869
329
890
96
831
276
857
612
322
478
572
447
259
889
911
812
382
721
355
426
958
419
336
244
344
853
480
413
666
443
720
344
867
311
294
541
882
706
543
347
217
10
216
125
152
853
432
584
524
652
48
304
310
461
930
602
909
454
671
904
874
678
421
783
848
104
227
712
874
54
373
871
810
978
838
935
367
680
375
43
375
243
656
357
216
312
191
0
779
20
198
766
715
352
720
527
674
330
311
756
400
454
129
302
480
504
338
369
886
798
788
140
64
573
641
67
818
915
684
316
480
757
756
403
459
55
381
984
761
173
844
80
187
905
993
739
732
842
248
147
567
724
566
639
762
921
188
279
73
496
372
2
274
147
347
694
191
146
836
805
971
285
916
627
414
390
875
405
914
577
771
978
624
289
828
230
954
786
892
393
80
703
497
336
42
202
449
661
309
95
727
906
990
417
161
904
457
402
762
434
391
742
708
732
701
115
104
182
429
638
814
168
629
108
750
339
195
962
566
659
406
317
181
153
108
937
865
930
495
485
671
168
19
388
416
393
421
15
902
19
353
823
153
442
944
563
32
150
76
110
567
37
916
118
116
269
64
344
640
211
154
597
269
781
623
513
406
288
981
70
291
494
756
813
340
713
966
65
238
680
668
869
998
397
712
3
77
70
979
869
907
794
232
997
702
730
113
460
994
516
916
290
120
88
732
954
553
552
646
377
279
0
732
259
847
659
17
170
120
935
595
577
696
23
99
175
1000
290
805
477
259
483
704
369
543
431
302
905
562
148
544
520
416
178
978
582
638
861
679
488
448
562
743
228
744
145
396
140
619
839
348
980
373
736
122
226
122
271
124
48
290
447
623
639
341
533
44
663
501
375
22
1
274
235
374
408
424
470
454
265
394
4
50
863
24
232
208
521
515
805
884
226
46
241
986
889
443
582
49
438
90
309
328
231
264
910
426
559
983
224
880
656
661
428
407
198
691
930
209
669
677
853
925
474
898
394
820
705
922
750
414
285
756
274
263
80
927
400
421
451
931
905
902
45
590
719
165
30
188
208
637
510
525
982
224
284
227
327
124
557
337
847
589
908
33
995
307
152
586
676
979
325
87
698
183
423
423
617
826
812
337
765
978
184
692
239
736
658
825
517
576
193
815
59
803
75
624
993
292
121
570
682
29
813
436
790
55
251
816
89
366
716
149
682
872
737
483
613
820
22
132
566
571
201
23
542
633
788
491
178
987
302
427
369
424
449
852
410
643
552
127
19
518
711
757
584
812
562
774
392
135
202
491
953
933
862
27
963
328
400
347
542
327
556
297
950
306
132
449
266
605
551
753
735
63
139
821
991
453
555
854
388
234
683
710
448
165
345
473
267
18
818
148
634
836
431
647
662
598
91
536
0
253
225
826
854
898
440
57
848
306
832
642
352
64
907
135
3
410
440
641
751
467
102
432
344
759
900
835
562
634
354
793
555
993
656
790
889
498
979
351
347
366
310
868
636
802
876
563
48
522
796
951
816
549
543
47
141
266
671
899
924
18
35
569
579
914
509
245
972
716
601
328
5
322
472
278
961
701
923
623
47
834
578
337
573
545
103
228
574
222
549
477
818
37
893
965
240
991
392
174
748
633
463
691
715
626
400
57
972
514
866
250
937
277
32
213
92
736
881
664
862
452
118
617
275
866
346
121
564
314
116
138
715
21
889
796
748
879
665
548
184
327
999
284
70
382
83
480
988
122
891
753
315
689
827
513
374
200
336
593
722
814
182
614
133
236
554
229
150
478
357
671
298
913
100
926
175
605
970
374
490
266
655
287
87
481
558
662
562
996
36
795
84
679
881
446
29
243
516
752
455
900
342
924
913
391
778
675
571
402
594
742
4
5
359
831
61
582
740
519
305
276
916
458
148
733
880
306
954
707
355
193
103
78
600
25
665
256
88
918
538
693
18
802
252
857
795
717
287
579
61
641
27
220
430
412
59
813
278
869
570
296
140
520
286
893
871
113
731
176
805
678
865
630
913
446
893
171
36
499
840
572
903
285
224
596
800
644
753
914
213
935
94
998
662
351
833
288
674
980
365
373
850
793
720
783
656
810
191
43
190
144
524
364
804
642
972
511
696
156
937
807
627
393
779
369
453
5
39
449
474
949
598
339
66
527
859
556
485
114
725
916
401
406
193
839
913
525
590
365
894
969
412
911
645
977
522
558
949
270
430
125
801
832
69
979
451
81
450
571
579
230
146
