774
918
3
336
993
402
308
825
56
268
703
9
433
18
97
944
78
149
678
288
676
405
22
518
640
327
658
256
853
151
857
836
937
223
155
555
591
717
620
366
561
901
485
75
922
449
764
314
10
65
116
960
630
304
91
617
280
66
805
848
729
465
404
42
884
244
172
165
200
324
441
639
176
648
462
859
847
249
64
119
231
46
352
301
921
242
331
142
835
777
110
971
140
568
0
294
304
448
722
228
182
41
752
276
231
669
836
963
336
190
681
525
405
798
64
112
985
21
394
601
535
876
702
762
799
735
396
418
532
183
569
94
456
209
995
216
248
725
688
919
799
457
123
916
442
884
403
672
161
16
140
209
692
892
858
612
71
117
412
430
335
157
12
578
320
962
528
701
272
163
196
203
329
943
65
386
934
571
613
550
642
978
709
429
440
14
53
725
142
625
38
869
622
24
338
646
881
6
67
525
287
319
141
935
292
283
681
382
40
116
246
526
460
58
937
722
355
805
358
178
873
227
990
12
22
191
679
926
47
873
753
612
801
581
423
14
54
179
500
219
485
867
469
499
315
741
566
315
105
920
959
507
152
171
115
18
652
595
3
86
827
126
557
31
309
899
365
777
796
719
508
473
614
159
108
864
304
862
443
238
448
946
6
361
830
965
383
706
926
644
301
42
697
220
516
366
760
442
724
371
896
627
952
321
733
127
70
124
882
912
568
634
551
473
212
562
475
422
472
86
880
683
440
219
853
194
529
63
968
739
598
781
744
96
525
975
757
28
844
738
5
116
784
685
746
436
865
246
14
262
509
206
691
952
588
739
138
702
945
198
262
680
160
455
510
800
604
655
715
151
465
373
385
564
734
189
532
188
59
660
133
527
153
778
407
156
59
866
921
706
255
789
668
421
266
863
173
897
652
696
480
968
713
920
385
509
919
307
919
810
877
979
73
737
450
643
465
514
103
193
657
148
905
966
305
650
873
121
665
122
231
222
38
50
298
92
379
703
312
411
984
752
827
441
869
620
816
693
559
419
210
468
937
209
409
944
997
855
815
688
999
717
537
589
376
943
646
777
407
707
259
935
304
417
288
550
693
100
750
825
310
925
131
657
396
805
727
163
927
270
100
887
510
348
937
407
667
269
905
630
375
381
358
769
692
989
492
553
923
694
959
204
235
733
977
183
99
175
319
549
484
959
637
440
527
119
850
960
273
492
471
515
585
970
214
126
95
856
252
190
417
759
30
132
360
678
605
686
777
626
614
788
44
32
142
786
922
297
513
907
342
514
650
154
342
476
904
939
877
272
288
935
299
262
925
832
80
885
994
939
940
260
707
969
897
557
151
351
515
203
693
534
505
570
210
210
943
849
667
707
481
78
290
296
658
245
651
74
214
362
351
573
328
317
7
139
259
404
838
895
814
565
131
17
100
115
731
396
10
885
506
858
682
81
332
356
104
593
380
971
417
196
865
203
359
187
163
31
625
514
333
975
746
41
898
533
1000
379
63
303
187
260
452
158
142
268
969
287
314
534
868
790
17
483
603
228
880
860
312
948
316
330
168
654
823
979
503
180
913
430
887
89
96
767
481
489
236
172
110
174
229
572
675
59
585
133
5
535
480
130
738
753
276
18
634
607
308
482
970
50
715
240
307
881
626
883
429
100
804
898
25
263
306
661
460
406
996
407
853
212
974
982
438
267
396
106
553
385
589
495
473
313
846
788
75
168
55
27
448
412
182
165
35
433
729
562
865
659
318
297
368
745
907
484
491
66
694
569
195
813
950
434
288
785
910
551
48
442
950
739
794
899
131
440
139
933
752
833
221
511
466
262
7
232
596
848
684
532
345
514
630
896
643
296
133
445
375
968
435
374
639
961
492
184
746
574
300
801
47
395
826
615
55
927
924
545
169
813
844
196
271
276
60
802
23
292
646
465
231
671
628
185
148
476
420
282
95
1
926
969
948
891
856
140
479
810
667
34
159
475
95
549
391
729
314
963
689
228
832
457
554
11
469
572
288
518
677
1000
490
919
793
325
834
29
782
626
173
655
382
124
220
31
345
961
68
884
622
721
871
875
702
764
471
164
562
666
611
586
290
297
724
506
973
568
261
51
316
792
143
30
495
975
74
337
372
401
819
798
912
855
766
349
831
975
300
560
166
395
759
151
75
902
713
993
54
716
929
552
364
557
744
690
989
432
407
133
67
981
13
73
389
247
138
765
407
578
339
62
900
707
582
240
668
576
296
952
505
492
497
650
616
610
85
247
395
355
524
830
169
326
983
171
639
907
554
838
252
116
584
425
417
257
341
247
472
47
765
881
241
52
7
384
176
144
997
493
784
865
270
607
806
162
264
36
725
108
485
336
237
928
877
572
59
896
952
858
621
576
416
122
240
173
760
131
595
247
453
923
54
23
133
195
756
85
879
866
25
388
15
519
204
40
739
131
119
191
908
996
970
527
646
62
204
423
456
398
703
216
582
404
296
543
30
79
719
896
438
564
183
750
233
543
443
932
780
113
235
987
851
239
955
848
333
635
729
585
466
938
494
836
173
192
288
760
688
447
114
104
758
214
338
979
990
879
749
326
973
4
94
899
288
168
101
557
965
344
494
511
589
330
337
721
834
790
329
245
531
848
662
922
568
867
138
461
547
259
440
967
321
979
441
569
145
453
454
215
213
837
424
315
816
818
695
939
210
101
18
970
164
654
905
629
527
424
189
437
854
75
826
296
69
908
680
195
391
771
556
421
518
336
246
862
340
288
531
549
762
221
85
428
158
596
134
721
3
937
338
33
734
11
483
277
826
365
706
403
511
233
845
506
238
998
478
995
146
440
27
341
198
397
791
337
877
622
903
1
996
691
538
882
449
296
276
310
998
399
825
711
496
965
821
191
68
843
296
921
110
812
525
852
801
815
638
636
727
697
851
180
780
307
979
176
949
475
926
927
664
549
335
295
868
377
123
743
557
461
807
877
665
599
134
480
400
592
56
683
357
524
30
635
887
88
288
766
843
327
128
571
832
71
610
530
880
760
117
709
920
777
780
619
510
340
794
679
226
487
103
229
437
662
385
957
853
253
884
125
188
423
106
924
128
24
650
218
513
66
521
26
800
494
688
447
161
390
578
306
772
228
702
322
760
504
628
111
783
83
767
911
438
8
562
33
501
721
725
42
453
440
968
484
922
81
762
393
940
250
166
564
337
843
338
958
952
864
121
912
463
856
854
898
0
595
987
203
330
843
132
887
899
599
268
979
662
772
625
615
154
606
825
597
892
147
555
632
620
903
418
0
331
832
773
878
68
39
513
544
628
943
851
652
402
924
512
969
333
428
221
813
212
644
41
87
208
930
75
158
486
338
719
507
791
769
576
481
689
843
900
277
117
717
328
465
881
920
47
868
273
255
962
478
943
363
912
189
809
907
233
660
370
248
786
362
730
843
666
669
229
570
768
91
398
55
620
172
169
904
702
934
81
236
814
490
652
764
230
430
411
997
623
708
1
532
73
918
33
77
248
667
286
145
797
190
906
909
440
926
383
212
874
324
479
802
418
287
440
599
76
449
715
551
184
589
407
69
106
682
966
421
519
95
250
746
899
376
445
114
859
724
18
901
717
22
786
624
14
298
264
330
898
439
506
160
476
11
832
38
955
898
914
370
833
799
29
53
916
931
494
633
271
193
480
6
143
419
759
630
205
653
96
40
153
120
531
164
641
933
175
546
735
772
374
335
532
572
336
649
606
405
719
151
370
943
730
401
528
288
693
748
26
48
885
573
860
521
379
276
714
321
661
390
936
276
601
940
915
265
831
357
388
97
282
695
25
891
284
417
908
871
892
928
628
837
955
983
573
199
471
868
948
346
270
701
585
384
684
261
223
872
709
61
376
874
629
274
81
392
528
519
556
624
908
73
946
161
242
530
598
628
538
264
784
330
560
257
389
711
971
116
585
150
102
438
716
488
37
572
565
205
274
538
886
596
369
302
932
986
903
842
555
922
498
643
155
0
941
178
869
739
76
332
256
165
476
494
458
433
718
4
337
821
833
716
692
139
700
526
334
808
397
598
912
270
964
306
772
17
284
547
502
784
391
401
902
854
325
642
896
668
994
413
834
299
291
210
73
356
143
689
559
333
296
797
64
137
490
884
530
293
601
166
85
937
21
82
458
563
515
493
91
999
715
22
162
652
126
328
780
802
757
775
749
953
853
217
739
117
191
591
905
632
306
940
973
827
36
317
644
654
286
777
927
474
475
602
367
443
216
227
120
207
17
536
368
149
848
384
517
915
627
569
158
162
37
733
558
794
572
293
578
994
192
446
815
735
468
886
693
682
466
747
484
701
695
863
184
456
647
944
434
426
242
541
446
294
356
244
758
208
331
7
251
976
832
814
424
515
153
150
422
223
872
534
460
691
554
990
894
968
735
573
926
783
323
182
275
838
849
759
970
316
35
380
804
552
403
810
750
245
537
223
585
121
273
9
743
530
347
12
163
69
56
156
607
145
579
520
220
541
597
307
292
951
296
492
689
831
376
531
840
612
961
60
475
668
395
375
943
501
299
123
205
74
835
441
672
156
95
656
358
253
751
458
309
546
445
618
105
419
255
723
481
290
556
791
40
836
246
999
367
377
4
102
255
191
903
952
857
826
46
885
446
259
414
762
57
606
882
667
667
508
894
271
409
155
934
72
475
912
19
414
879
26
814
919
68
959
892
951
865
400
842
736
707
136
773
197
29
865
577
110
864
777
563
332
624
265
917
794
618
97
453
367
421
999
721
830
83
730
625
58
759
328
66
124
54
101
872
567
370
921
44
910
983
709
908
577
320
560
806
999
316
525
669
345
684
176
58
247
608
909
990
11
237
225
604
825
70
89
958
589
695
8
193
325
27
896
135
36
495
183
322
459
593
718
67
88
85
681
773
730
103
187
959
862
89
620
583
4
829
234
49
735
762
418
15
917
775
172
815
551
87
978
947
957
785
727
626
83
2
64
948
348
686
471
979
849
915
966
604
876
984
172
84
483
17
339
51
966
343
221
105
827
748
415
83
596
290
289
351
900
729
293
325
144
858
579
84
484
500
549
441
92
555
718
69
151
373
912
207
23
277
492
445
892
411
925
573
669
240
17
29
610
499
830
698
40
454
404
538
38
715
845
823
125
962
87
83
366
515
831
961
163
254
77
737
982
552
55
518
568
252
2
154
932
629
958
222
544
809
272
683
235
980
511
913
737
541
695
577
363
553
479
28
116
206
393
634
30
385
691
683
882
202
120
472
419
301
252
970
411
452
935
814
193
946
395
190
69
429
323
105
968
659
780
503
658
755
259
325
799
995
237
931
44
88
354
387
543
56
63
321
956
364
372
222
521
943
373
834
496
63
711
905
837
554
999
300
687
427
613
574
805
422
734
735
95
741
888
418
960
5
395
33
905
232
383
338
324
752
397
41
760
102
617
842
743
514
869
611
552
451
858
877
387
742
154
15
612
663
17
5
91
75
209
769
585
282
521
517
818
618
868
316
733
385
519
683
605
567
751
989
342
946
262
632
217
680
950
619
927
718
741
897
451
545
437
517
3
732
385
830
740
361
420
226
945
880
267
22
249
819
737
725
918
727
248
550
443
490
77
867
82
537
478
155
513
192
360
560
67
294
489
190
683
954
208
660
561
196
5
813
573
51
798
283
92
407
509
180
612
296
977
670
214
734
590
839
714
17
277
766
9
522
742
408
348
293
950
561
154
112
860
315
905
433
409
587
989
503
469
610
259
965
653
729
826
294
257
226
930
863
375
745
873
575
846
652
787
501
231
222
646
605
984
90
624
955
922
153
207
422
67
961
304
357
664
87
963
99
576
293
591
424
807
862
743
410
987
787
481
964
26
435
195
448
374
915
236
851
417
169
996
691
934
656
578
582
369
86
225
775
350
610
856
384
70
154
855
668
530
272
520
814
289
20
0
885
482
124
69
965
907
475
72
179
956
285
47
741
27
873
365
378
597
711
636
101
169
962
647
317
715
975
143
429
541
524
128
188
765
296
714
723
36
112
316
283
595
854
620
643
17
864
487
852
490
860
383
535
111
827
975
619
386
761
239
567
475
676
729
11
259
890
319
625
431
185
543
260
651
815
510
353
836
321
785
378
15
757
405
196
776
528
52
151
542
155
960
436
348
690
488
813
796
61
331
628
565
309
954
388
701
476
798
48
665
637
786
415
409
888
257
441
983
283
394
239
651
819
10
862
426
105
1000
991
753
553
374
244
400
45
84
275
198
132
417
131
358
246
385
188
592
303
843
248
522
61
789
162
721
291
960
589
59
964
172
605
398
277
952
318
322
136
930
195
43
532
430
646
186
460
532
516
414
385
249
171
993
133
458
933
49
144
310
489
490
43
856
242
921
926
37
234
501
379
683
164
509
361
863
446
26
553
964
835
784
129
371
827
679
812
427
395
67
274
68
51
190
646
503
605
703
25
934
820
767
725
308
406
556
387
984
398
941
744
819
34
690
417
459
302
652
703
259
51
859
446
743
594
854
46
812
138
34
676
517
36
49
42
646
55
501
554
898
656
397
774
712
898
845
673
411
813
360
417
928
54
661
907
94
399
152
148
23
452
866
906
607
76
327
531
893
523
216
274
561
318
263
662
258
950
389
733
829
880
227
947
541
898
223
983
637
986
750
969
860
761
200
190
213
513
732
382
127
549
583
545
383
881
895
267
512
66
836
609
359
971
531
565
230
571
692
893
937
911
197
441
797
128
912
821
518
58
969
811
782
311
660
260
702
81
42
44
275
959
875
521
540
648
887
