474
434
961
348
834
659
243
76
255
587
741
648
568
853
79
595
339
72
773
671
333
732
926
484
676
238
787
583
202
222
910
35
266
935
869
712
218
161
680
12
939
567
587
43
944
454
547
984
822
855
333
187
439
71
952
154
297
699
959
660
597
793
553
689
361
829
258
279
831
121
317
293
245
403
537
949
340
757
918
258
797
483
848
865
744
180
457
189
239
15
139
720
577
453
74
983
58
486
698
498
783
424
86
604
229
266
117
969
593
747
328
936
583
397
532
627
476
874
920
948
311
7
890
548
515
145
371
754
348
62
576
187
181
696
763
609
587
181
118
267
78
239
13
16
257
392
104
844
695
748
180
513
738
760
255
102
755
878
732
255
225
637
695
249
419
0
682
829
994
171
774
913
141
48
172
26
798
812
685
942
225
953
214
311
725
878
934
48
522
830
935
880
124
852
281
278
371
269
816
50
536
617
40
609
111
890
978
214
745
324
47
248
933
122
660
669
172
117
779
2
129
775
855
487
710
787
783
524
763
214
209
34
442
7
636
799
934
308
820
423
376
971
507
288
666
579
842
327
619
588
656
424
172
975
925
202
676
229
979
133
844
115
7
68
576
69
488
405
865
367
233
831
314
761
267
269
730
404
708
949
703
71
978
546
778
972
49
860
12
436
5
447
5
376
914
629
774
798
770
910
879
430
20
317
842
938
373
14
834
165
341
877
339
952
945
621
707
249
609
447
603
634
363
573
95
574
418
211
10
951
145
602
884
469
777
405
30
517
288
539
834
660
96
520
965
794
749
833
535
282
803
271
580
839
315
642
143
150
986
80
656
913
570
878
20
19
345
735
672
661
711
142
52
217
178
281
699
71
174
811
712
388
253
167
992
723
818
104
994
257
747
48
427
39
772
499
932
234
257
864
49
644
352
734
314
107
156
265
895
830
259
837
764
185
677
994
727
930
737
866
826
723
900
114
368
303
11
15
147
166
845
212
65
443
556
396
317
843
159
701
796
253
48
283
104
834
168
326
36
786
661
312
891
124
558
83
789
655
515
288
922
463
450
395
480
689
96
623
558
989
483
129
499
852
354
334
74
35
503
46
123
580
75
977
997
62
210
480
190
909
962
803
854
528
261
702
783
689
596
21
689
12
807
96
954
936
51
51
623
327
978
575
755
486
654
551
326
527
638
803
51
993
77
311
260
973
53
663
491
313
671
925
242
122
62
202
772
641
811
555
883
277
417
377
731
180
632
194
540
506
420
314
235
244
569
325
486
270
559
161
283
413
394
696
341
999
594
137
684
835
450
61
164
138
786
800
90
426
419
331
794
75
482
772
917
320
967
979
283
193
687
976
599
473
18
986
968
685
217
117
549
738
162
983
110
289
566
663
790
491
594
406
365
288
863
236
242
19
343
497
897
848
623
747
254
437
99
622
30
493
249
965
978
997
959
304
859
725
184
168
907
957
121
13
209
648
142
339
501
440
690
188
866
408
292
792
18
545
671
454
467
789
517
556
324
276
145
646
809
394
985
961
116
742
723
546
846
587
712
813
864
210
475
39
19
564
161
257
224
286
915
763
959
754
175
967
991
815
672
965
833
297
412
886
266
10
113
160
327
511
966
122
145
932
190
823
822
11
841
241
170
49
650
365
807
753
654
247
320
650
665
50
761
823
199
312
363
29
531
631
783
315
583
486
137
167
652
998
144
833
625
561
777
547
730
104
673
614
767
990
481
689
898
55
251
338
95
974
150
728
22
796
700
210
176
385
344
611
61
191
272
976
505
389
423
938
957
17
66
865
270
385
166
661
628
680
27
835
797
816
759
591
238
854
621
961
33
173
48
562
902
424
160
25
1
301
919
31
991
279
855
903
534
723
352
860
297
89
737
466
976
599
597
471
608
448
299
332
590
328
510
489
749
375
683
981
112
405
981
15
904
68
292
728
595
130
383
185
710
832
441
223
980
754
871
983
38
761
855
413
807
491
514
58
983
531
429
524
521
169
825
544
48
958
101
138
737
256
638
566
815
645
732
215
346
957
191
473
64
58
279
948
250
520
468
638
846
573
986
668
669
593
663
177
33
254
907
345
855
357
904
612
60
844
348
387
868
571
445
701
28
929
235
569
109
837
475
299
279
702
577
636
700
363
49
536
54
786
242
954
674
734
952
594
527
548
487
496
906
324
165
17
325
88
938
254
152
268
171
988
165
119
239
566
728
741
822
163
252
419
73
329
499
7
868
408
721
444
876
230
648
976
546
732
876
767
547
912
482
447
444
631
227
860
201
578
636
510
222
12
155
141
336
165
127
366
166
121
838
134
410
557
402
996
537
982
308
401
844
87
438
389
899
386
303
315
934
532
144
311
770
545
581
893
622
455
749
575
116
785
739
531
762
844
489
791
886
773
935
871
557
783
832
273
135
86
408
727
854
370
693
972
997
6
942
63
45
570
837
72
257
769
501
157
304
108
617
954
615
842
830
746
138
774
879
304
552
930
500
985
834
664
412
503
784
522
18
126
372
415
412
620
213
737
471
300
736
128
504
24
156
535
974
187
177
542
504
147
183
95
368
740
623
36
460
954
361
272
974
514
17
826
979
49
947
782
64
594
121
881
233
9
368
122
469
717
919
740
436
405
625
90
624
427
853
230
283
496
995
376
551
988
400
720
743
494
742
32
755
488
464
234
768
586
914
904
770
730
70
58
45
286
687
752
346
51
774
102
490
526
300
519
178
374
170
339
198
913
555
330
881
166
286
618
136
424
868
702
862
340
536
436
469
554
998
893
808
688
50
482
283
767
609
820
492
933
521
520
684
155
456
700
715
926
781
780
94
880
242
407
350
504
18
286
16
818
359
104
870
22
210
950
569
585
494
598
69
962
895
904
563
564
588
317
481
312
370
898
975
594
940
380
160
700
207
231
167
254
76
366
842
776
51
316
289
138
669
595
563
877
858
303
675
6
96
797
419
488
503
325
686
264
651
53
965
366
717
504
73
905
978
705
402
169
17
889
885
908
749
118
554
169
3
424
836
186
400
267
400
327
247
589
487
764
280
793
726
179
537
813
712
8
109
126
536
742
95
821
998
579
698
31
112
475
298
579
919
174
850
198
516
59
185
139
890
959
190
446
224
14
713
949
491
189
294
803
49
896
572
983
647
673
494
115
502
512
852
808
753
32
385
445
698
580
814
803
322
112
407
246
248
946
569
58
225
160
12
867
804
244
960
333
466
707
329
536
467
47
938
435
201
839
221
224
699
912
109
938
578
843
363
165
70
269
237
583
416
698
161
355
914
263
259
732
977
743
794
677
961
848
394
392
948
316
527
702
473
36
573
419
586
583
133
344
452
176
353
300
833
675
369
746
340
725
143
510
641
119
559
40
792
670
100
916
471
485
821
447
105
479
784
401
189
543
215
583
497
516
60
619
904
850
857
224
59
225
6
355
114
36
431
437
182
14
590
689
202
623
270
392
829
508
812
959
155
206
957
235
781
894
116
996
207
660
342
553
904
339
425
722
700
912
143
66
635
576
940
207
410
364
474
436
432
117
824
0
922
203
749
446
403
566
912
672
635
347
812
938
63
75
589
117
14
969
53
763
339
899
520
261
947
452
834
681
673
858
793
302
526
714
436
929
340
21
91
636
185
919
16
502
449
255
297
0
268
504
288
265
263
735
123
861
143
568
339
635
251
432
69
907
670
739
66
627
394
8
530
70
230
100
237
437
400
846
315
326
851
768
262
949
920
178
422
356
5
907
400
666
579
533
331
253
733
606
990
973
990
975
110
490
805
71
508
496
914
854
523
451
751
456
343
614
410
726
603
87
690
995
856
650
516
563
900
805
611
846
625
523
622
567
56
126
808
385
691
481
3
64
19
40
343
33
651
957
552
296
348
535
889
190
182
528
706
979
787
819
975
146
476
200
505
737
288
891
611
187
960
530
663
243
116
621
165
238
672
68
568
637
929
520
955
237
18
472
238
291
129
330
76
539
629
303
822
801
968
910
908
682
173
194
776
344
549
115
768
168
979
204
141
735
261
387
909
288
212
31
525
382
551
485
880
402
119
466
71
991
40
970
486
433
115
78
675
495
253
980
878
244
407
558
263
928
292
853
284
792
982
35
636
221
553
949
749
678
776
922
959
243
886
802
498
937
337
193
471
684
956
798
878
553
647
555
121
184
454
829
987
13
384
858
73
652
874
459
854
387
503
537
495
812
986
346
767
557
860
532
656
920
265
389
204
622
852
388
967
926
705
233
736
665
657
153
959
1
773
826
312
429
172
483
183
659
372
219
307
784
532
610
844
259
768
791
634
705
779
953
681
895
7
171
242
108
435
352
916
611
827
612
692
29
141
980
76
93
854
166
910
194
637
728
391
595
281
727
289
471
456
29
53
772
646
519
796
945
166
116
178
114
898
266
485
368
38
651
464
958
298
736
892
876
786
180
957
338
630
697
904
659
978
365
92
268
641
241
849
830
840
920
611
823
686
628
786
695
707
875
92
804
214
803
278
376
753
123
326
761
369
821
521
196
485
697
337
936
383
403
806
135
410
474
706
254
348
980
840
990
520
632
279
570
298
195
419
513
302
853
996
316
322
674
383
322
973
544
894
326
957
747
315
215
329
414
764
129
698
749
321
684
708
617
208
669
600
457
409
158
41
431
84
324
371
316
85
876
991
323
380
231
757
100
654
277
357
429
129
196
621
391
416
833
113
838
863
244
560
763
602
690
196
946
27
766
385
137
804
222
555
539
926
710
768
533
412
147
538
739
938
155
839
971
619
264
866
876
29
708
656
965
447
825
699
714
463
772
894
958
561
689
727
546
211
187
576
932
64
577
219
67
88
743
1000
95
822
398
741
943
139
360
286
505
32
409
864
945
638
770
89
133
790
349
406
878
952
823
803
953
741
807
830
284
981
636
663
515
778
503
83
190
102
546
753
518
490
201
677
830
810
642
115
352
420
547
860
695
818
129
647
347
672
141
194
244
387
785
244
361
326
442
408
886
974
687
551
995
525
797
155
490
325
232
117
68
166
560
995
218
205
659
477
949
107
489
431
176
260
921
232
126
779
263
41
841
439
80
13
624
68
292
379
4
297
374
579
878
95
651
211
685
125
782
966
900
491
689
938
512
195
180
250
226
208
793
481
543
745
565
25
162
796
898
799
622
758
870
804
767
824
975
732
538
90
145
674
630
323
810
894
523
47
200
487
340
616
13
576
476
696
758
405
608
327
896
526
703
650
155
836
594
274
816
617
652
478
436
789
260
712
720
460
16
10
548
801
737
665
433
498
573
412
213
426
379
477
640
728
669
263
650
858
88
746
190
30
446
509
826
403
430
203
144
617
557
14
557
374
744
866
596
720
9
37
737
957
142
675
988
136
914
705
475
919
73
315
353
630
866
251
847
5
505
443
138
921
849
415
82
418
757
256
572
663
765
901
48
3
407
193
499
320
142
185
472
450
372
147
233
89
217
666
492
559
866
278
17
107
148
302
431
341
639
961
236
846
362
661
583
783
25
814
478
940
110
113
524
976
105
783
897
60
740
543
472
919
69
140
788
314
833
99
84
190
409
765
353
649
320
456
763
349
711
131
792
507
942
620
265
645
366
182
187
759
678
540
830
853
408
934
140
328
792
231
525
380
211
812
881
797
987
859
337
74
987
305
690
701
878
16
509
25
526
104
347
622
678
695
823
352
570
533
335
636
89
723
244
237
588
380
849
817
657
797
637
269
47
164
775
562
937
305
150
229
154
111
599
598
749
828
626
624
822
395
23
772
197
679
967
723
105
24
998
339
618
712
742
744
337
391
356
594
0
332
3
810
417
925
376
622
430
177
849
887
95
151
689
338
612
774
405
611
238
443
907
936
650
583
600
664
194
916
611
45
406
721
377
537
966
431
984
371
213
330
488
99
815
914
861
338
602
236
494
733
881
944
627
821
452
951
873
841
728
121
476
977
708
628
536
596
99
224
741
110
559
256
673
725
731
28
520
961
95
102
917
690
396
719
352
703
661
900
694
606
375
291
340
483
858
264
665
861
944
75
651
397
478
722
77
852
672
116
937
131
909
650
99
665
565
640
581
215
795
692
504
427
432
567
382
942
728
125
276
967
347
370
251
835
831
398
389
71
894
364
931
78
496
654
808
77
100
794
283
873
900
672
367
522
414
438
295
505
378
410
835
96
616
279
395
887
973
354
520
984
321
960
540
962
990
415
664
755
960
463
176
204
575
615
27
916
521
40
569
580
375
786
906
464
445
125
658
58
56
616
698
600
478
492
737
189
751
74
849
762
333
941
70
202
342
365
920
611
22
958
535
170
240
783
797
47
396
817
457
993
370
173
266
633
782
395
807
817
116
13
101
450
535
976
423
312
336
235
416
423
736
261
955
156
331
465
874
86
233
2
651
563
646
695
887
206
339
257
867
394
459
781
997
352
500
328
700
875
81
561
398
279
67
166
353
557
140
97
765
909
658
775
646
685
592
691
347
731
276
598
578
258
859
54
776
961
752
992
902
67
556
490
61
732
171
283
951
551
450
240
806
772
131
892
822
476
596
786
47
171
549
781
463
785
416
330
711
166
952
569
658
206
368
93
356
333
432
459
353
729
139
823
609
407
542
580
287
552
878
447
201
101
968
592
496
879
887
601
499
318
377
901
140
37
136
731
688
11
644
730
431
827
812
409
39
114
565
76
404
634
104
315
288
743
472
367
243
531
325
205
289
7
871
369
222
314
445
873
38
429
998
673
475
182
657
133
305
460
482
898
940
540
30
565
359
856
729
337
844
